4.263333333333333419e-01
4.263333333333333419e-01
4.263333333333333419e-01
4.263333333333333419e-01
4.263333333333333419e-01
4.263333333333333419e-01
4.263333333333333419e-01
4.263333333333333419e-01
4.263333333333333419e-01
4.263333333333333419e-01
4.263333333333333419e-01
4.263333333333333419e-01
4.263333333333333419e-01
4.263333333333333419e-01
4.263333333333333419e-01
4.263333333333333419e-01
4.263333333333333419e-01
4.263333333333333419e-01
4.263333333333333419e-01
4.263333333333333419e-01
4.263333333333333419e-01
4.263333333333333419e-01
4.263333333333333419e-01
4.263333333333333419e-01
4.263333333333333419e-01
4.263333333333333419e-01
4.263333333333333419e-01
4.263333333333333419e-01
4.263333333333333419e-01
4.263333333333333419e-01
4.263333333333333419e-01
4.263333333333333419e-01
4.263333333333333419e-01
4.263333333333333419e-01
4.263333333333333419e-01
4.263333333333333419e-01
4.263333333333333419e-01
4.263333333333333419e-01
4.263333333333333419e-01
4.263333333333333419e-01
4.263333333333333419e-01
4.263333333333333419e-01
4.263333333333333419e-01
4.263333333333333419e-01
4.263333333333333419e-01
4.263333333333333419e-01
4.263333333333333419e-01
4.263333333333333419e-01
4.263333333333333419e-01
4.263333333333333419e-01
4.263333333333333419e-01
4.263333333333333419e-01
4.263333333333333419e-01
4.263333333333333419e-01
4.263333333333333419e-01
4.263333333333333419e-01
4.263333333333333419e-01
4.263333333333333419e-01
4.263333333333333419e-01
4.263333333333333419e-01
4.263333333333333419e-01
4.263333333333333419e-01
4.263333333333333419e-01
4.263333333333333419e-01
4.263333333333333419e-01
4.263333333333333419e-01
4.263333333333333419e-01
4.263333333333333419e-01
4.263333333333333419e-01
4.263333333333333419e-01
4.263333333333333419e-01
4.263333333333333419e-01
4.263333333333333419e-01
4.263333333333333419e-01
4.263333333333333419e-01
4.263333333333333419e-01
4.263333333333333419e-01
4.263333333333333419e-01
4.263333333333333419e-01
4.263333333333333419e-01
4.263333333333333419e-01
4.263333333333333419e-01
4.263333333333333419e-01
4.263333333333333419e-01
4.263333333333333419e-01
4.263333333333333419e-01
4.263333333333333419e-01
4.263333333333333419e-01
4.263333333333333419e-01
4.263333333333333419e-01
4.263333333333333419e-01
4.263333333333333419e-01
4.263333333333333419e-01
4.263333333333333419e-01
4.263333333333333419e-01
4.263333333333333419e-01
4.263333333333333419e-01
4.263333333333333419e-01
4.263333333333333419e-01
4.263333333333333419e-01
4.263333333333333419e-01
4.263333333333333419e-01
4.263333333333333419e-01
4.263333333333333419e-01
4.263333333333333419e-01
4.263333333333333419e-01
4.263333333333333419e-01
4.263333333333333419e-01
4.263333333333333419e-01
4.263333333333333419e-01
4.263333333333333419e-01
4.263333333333333419e-01
4.263333333333333419e-01
4.263333333333333419e-01
4.263333333333333419e-01
4.263333333333333419e-01
4.263333333333333419e-01
4.263333333333333419e-01
4.263333333333333419e-01
4.263333333333333419e-01
4.263333333333333419e-01
4.263333333333333419e-01
4.263333333333333419e-01
4.263333333333333419e-01
4.263333333333333419e-01
4.263333333333333419e-01
4.263333333333333419e-01
4.263333333333333419e-01
4.263333333333333419e-01
4.263333333333333419e-01
4.263333333333333419e-01
4.263333333333333419e-01
4.263333333333333419e-01
4.263333333333333419e-01
4.263333333333333419e-01
4.263333333333333419e-01
4.263333333333333419e-01
4.263333333333333419e-01
4.263333333333333419e-01
4.263333333333333419e-01
4.263333333333333419e-01
4.263333333333333419e-01
4.263333333333333419e-01
4.263333333333333419e-01
4.263333333333333419e-01
4.263333333333333419e-01
4.263333333333333419e-01
4.263333333333333419e-01
4.263333333333333419e-01
4.263333333333333419e-01
4.263333333333333419e-01
4.263333333333333419e-01
4.263333333333333419e-01
4.263333333333333419e-01
4.263333333333333419e-01
4.263333333333333419e-01
4.263333333333333419e-01
4.263333333333333419e-01
4.263333333333333419e-01
4.263333333333333419e-01
4.263333333333333419e-01
4.263333333333333419e-01
4.259999999999999898e-01
4.259999999999999898e-01
4.256666666666666932e-01
4.256666666666666932e-01
4.256666666666666932e-01
4.256666666666666932e-01
4.253333333333333410e-01
4.243333333333333401e-01
4.236666666666666914e-01
4.233333333333333393e-01
4.233333333333333393e-01
4.226666666666666905e-01
4.226666666666666905e-01
4.226666666666666905e-01
4.223333333333333384e-01
4.219999999999999862e-01
4.209999999999999853e-01
4.203333333333333366e-01
4.196666666666666878e-01
4.193333333333333357e-01
4.193333333333333357e-01
4.189999999999999836e-01
4.186666666666666869e-01
4.179999999999999827e-01
4.179999999999999827e-01
4.176666666666666861e-01
4.169999999999999818e-01
4.166666666666666852e-01
4.156666666666666843e-01
4.156666666666666843e-01
4.156666666666666843e-01
4.156666666666666843e-01
4.153333333333333321e-01
4.153333333333333321e-01
4.149999999999999800e-01
4.143333333333333313e-01
4.143333333333333313e-01
4.139999999999999791e-01
4.133333333333333304e-01
4.133333333333333304e-01
4.126666666666666816e-01
4.126666666666666816e-01
4.123333333333333295e-01
4.123333333333333295e-01
4.119999999999999774e-01
4.119999999999999774e-01
4.116666666666666807e-01
4.116666666666666807e-01
4.113333333333333286e-01
4.113333333333333286e-01
4.106666666666666798e-01
4.103333333333333277e-01
4.103333333333333277e-01
4.103333333333333277e-01
4.099999999999999756e-01
4.099999999999999756e-01
4.099999999999999756e-01
4.099999999999999756e-01
4.099999999999999756e-01
4.099999999999999756e-01
4.099999999999999756e-01
4.096666666666666790e-01
4.096666666666666790e-01
4.096666666666666790e-01
4.089999999999999747e-01
4.089999999999999747e-01
4.086666666666666781e-01
4.086666666666666781e-01
4.079999999999999738e-01
4.079999999999999738e-01
4.073333333333333250e-01
4.073333333333333250e-01
4.069999999999999729e-01
4.069999999999999729e-01
4.069999999999999729e-01
4.069999999999999729e-01
4.066666666666666763e-01
4.066666666666666763e-01
4.063333333333333242e-01
4.063333333333333242e-01
4.063333333333333242e-01
4.063333333333333242e-01
4.063333333333333242e-01
4.063333333333333242e-01
4.063333333333333242e-01
4.060000000000000275e-01
4.060000000000000275e-01
4.056666666666666754e-01
4.056666666666666754e-01
4.056666666666666754e-01
4.056666666666666754e-01
4.053333333333333233e-01
4.053333333333333233e-01
4.053333333333333233e-01
4.046666666666666745e-01
4.046666666666666745e-01
4.046666666666666745e-01
4.046666666666666745e-01
4.046666666666666745e-01
4.043333333333333224e-01
4.040000000000000258e-01
4.040000000000000258e-01
4.040000000000000258e-01
4.040000000000000258e-01
4.040000000000000258e-01
4.033333333333333215e-01
4.033333333333333215e-01
4.033333333333333215e-01
4.033333333333333215e-01
4.030000000000000249e-01
4.030000000000000249e-01
4.030000000000000249e-01
4.026666666666666727e-01
4.026666666666666727e-01
4.023333333333333206e-01
4.023333333333333206e-01
4.023333333333333206e-01
4.023333333333333206e-01
4.023333333333333206e-01
4.023333333333333206e-01
4.020000000000000240e-01
4.013333333333333197e-01
4.010000000000000231e-01
4.010000000000000231e-01
4.010000000000000231e-01
4.010000000000000231e-01
4.010000000000000231e-01
4.010000000000000231e-01
4.010000000000000231e-01
4.010000000000000231e-01
4.010000000000000231e-01
4.010000000000000231e-01
4.010000000000000231e-01
4.010000000000000231e-01
4.006666666666666710e-01
4.006666666666666710e-01
4.006666666666666710e-01
4.006666666666666710e-01
4.000000000000000222e-01
4.000000000000000222e-01
3.996666666666666701e-01
3.996666666666666701e-01
3.996666666666666701e-01
3.996666666666666701e-01
3.996666666666666701e-01
3.996666666666666701e-01
3.996666666666666701e-01
3.993333333333333179e-01
3.993333333333333179e-01
3.993333333333333179e-01
3.993333333333333179e-01
3.993333333333333179e-01
3.990000000000000213e-01
3.990000000000000213e-01
3.990000000000000213e-01
3.990000000000000213e-01
3.990000000000000213e-01
3.990000000000000213e-01
3.990000000000000213e-01
3.986666666666666692e-01
3.986666666666666692e-01
3.983333333333333171e-01
3.983333333333333171e-01
3.983333333333333171e-01
3.983333333333333171e-01
3.983333333333333171e-01
3.976666666666666683e-01
3.976666666666666683e-01
3.973333333333333162e-01
3.966666666666666674e-01
3.963333333333333153e-01
3.960000000000000187e-01
3.960000000000000187e-01
3.960000000000000187e-01
3.960000000000000187e-01
3.956666666666666665e-01
3.956666666666666665e-01
3.956666666666666665e-01
3.956666666666666665e-01
3.956666666666666665e-01
3.956666666666666665e-01
3.956666666666666665e-01
3.956666666666666665e-01
3.956666666666666665e-01
3.956666666666666665e-01
3.956666666666666665e-01
3.956666666666666665e-01
3.956666666666666665e-01
3.953333333333333144e-01
3.953333333333333144e-01
3.953333333333333144e-01
3.953333333333333144e-01
3.953333333333333144e-01
3.953333333333333144e-01
3.953333333333333144e-01
3.953333333333333144e-01
3.953333333333333144e-01
3.953333333333333144e-01
3.953333333333333144e-01
3.953333333333333144e-01
3.953333333333333144e-01
3.953333333333333144e-01
3.953333333333333144e-01
3.953333333333333144e-01
3.953333333333333144e-01
3.953333333333333144e-01
3.953333333333333144e-01
3.953333333333333144e-01
3.953333333333333144e-01
3.953333333333333144e-01
3.953333333333333144e-01
3.953333333333333144e-01
3.953333333333333144e-01
3.953333333333333144e-01
3.950000000000000178e-01
3.950000000000000178e-01
3.950000000000000178e-01
3.950000000000000178e-01
3.950000000000000178e-01
3.950000000000000178e-01
3.946666666666666656e-01
3.946666666666666656e-01
3.946666666666666656e-01
3.946666666666666656e-01
3.946666666666666656e-01
3.946666666666666656e-01
3.946666666666666656e-01
3.946666666666666656e-01
3.946666666666666656e-01
3.943333333333333135e-01
3.943333333333333135e-01
3.943333333333333135e-01
3.943333333333333135e-01
3.943333333333333135e-01
3.943333333333333135e-01
3.943333333333333135e-01
3.943333333333333135e-01
3.943333333333333135e-01
3.943333333333333135e-01
3.943333333333333135e-01
3.943333333333333135e-01
3.943333333333333135e-01
3.943333333333333135e-01
3.943333333333333135e-01
3.943333333333333135e-01
3.943333333333333135e-01
3.943333333333333135e-01
3.940000000000000169e-01
3.940000000000000169e-01
3.940000000000000169e-01
3.940000000000000169e-01
3.940000000000000169e-01
3.940000000000000169e-01
3.940000000000000169e-01
3.936666666666666647e-01
3.936666666666666647e-01
3.936666666666666647e-01
3.936666666666666647e-01
3.936666666666666647e-01
3.936666666666666647e-01
3.936666666666666647e-01
3.936666666666666647e-01
3.936666666666666647e-01
3.936666666666666647e-01
3.936666666666666647e-01
3.936666666666666647e-01
3.936666666666666647e-01
3.933333333333333126e-01
3.933333333333333126e-01
3.933333333333333126e-01
3.933333333333333126e-01
3.933333333333333126e-01
3.933333333333333126e-01
3.933333333333333126e-01
3.933333333333333126e-01
3.933333333333333126e-01
3.933333333333333126e-01
3.933333333333333126e-01
3.933333333333333126e-01
3.933333333333333126e-01
3.933333333333333126e-01
3.930000000000000160e-01
3.930000000000000160e-01
3.930000000000000160e-01
3.930000000000000160e-01
3.930000000000000160e-01
3.930000000000000160e-01
3.930000000000000160e-01
3.926666666666666639e-01
3.926666666666666639e-01
3.926666666666666639e-01
3.926666666666666639e-01
3.926666666666666639e-01
3.926666666666666639e-01
3.923333333333333117e-01
3.923333333333333117e-01
3.923333333333333117e-01
3.923333333333333117e-01
3.923333333333333117e-01
3.923333333333333117e-01
3.923333333333333117e-01
3.923333333333333117e-01
3.920000000000000151e-01
3.920000000000000151e-01
3.920000000000000151e-01
3.920000000000000151e-01
3.920000000000000151e-01
3.920000000000000151e-01
3.920000000000000151e-01
3.916666666666666630e-01
3.916666666666666630e-01
3.916666666666666630e-01
3.916666666666666630e-01
3.916666666666666630e-01
3.916666666666666630e-01
3.916666666666666630e-01
3.916666666666666630e-01
3.916666666666666630e-01
3.916666666666666630e-01
3.916666666666666630e-01
3.916666666666666630e-01
3.916666666666666630e-01
3.916666666666666630e-01
3.916666666666666630e-01
3.916666666666666630e-01
3.916666666666666630e-01
3.916666666666666630e-01
3.916666666666666630e-01
3.913333333333333108e-01
3.910000000000000142e-01
3.910000000000000142e-01
3.910000000000000142e-01
3.910000000000000142e-01
3.906666666666666621e-01
3.906666666666666621e-01
3.906666666666666621e-01
3.906666666666666621e-01
3.906666666666666621e-01
3.906666666666666621e-01
3.906666666666666621e-01
3.906666666666666621e-01
3.906666666666666621e-01
3.906666666666666621e-01
3.906666666666666621e-01
3.906666666666666621e-01
3.906666666666666621e-01
3.906666666666666621e-01
3.906666666666666621e-01
3.906666666666666621e-01
3.906666666666666621e-01
3.906666666666666621e-01
3.906666666666666621e-01
3.903333333333333099e-01
3.903333333333333099e-01
3.903333333333333099e-01
3.903333333333333099e-01
3.903333333333333099e-01
3.903333333333333099e-01
3.903333333333333099e-01
3.903333333333333099e-01
3.903333333333333099e-01
3.903333333333333099e-01
3.903333333333333099e-01
3.903333333333333099e-01
3.903333333333333099e-01
3.903333333333333099e-01
3.903333333333333099e-01
3.903333333333333099e-01
3.900000000000000133e-01
3.896666666666666612e-01
3.896666666666666612e-01
3.893333333333333091e-01
3.893333333333333091e-01
3.893333333333333091e-01
3.893333333333333091e-01
3.893333333333333091e-01
3.893333333333333091e-01
3.893333333333333091e-01
3.893333333333333091e-01
3.893333333333333091e-01
3.893333333333333091e-01
3.893333333333333091e-01
3.893333333333333091e-01
3.893333333333333091e-01
3.893333333333333091e-01
3.893333333333333091e-01
3.893333333333333091e-01
3.893333333333333091e-01
3.893333333333333091e-01
3.893333333333333091e-01
3.893333333333333091e-01
3.893333333333333091e-01
3.893333333333333091e-01
3.893333333333333091e-01
3.893333333333333091e-01
3.893333333333333091e-01
3.893333333333333091e-01
3.893333333333333091e-01
3.893333333333333091e-01
3.893333333333333091e-01
3.893333333333333091e-01
3.893333333333333091e-01
3.893333333333333091e-01
3.893333333333333091e-01
3.893333333333333091e-01
3.893333333333333091e-01
3.893333333333333091e-01
3.893333333333333091e-01
3.893333333333333091e-01
3.893333333333333091e-01
3.890000000000000124e-01
3.890000000000000124e-01
3.890000000000000124e-01
3.890000000000000124e-01
3.886666666666666603e-01
3.886666666666666603e-01
3.886666666666666603e-01
3.886666666666666603e-01
3.886666666666666603e-01
3.886666666666666603e-01
3.886666666666666603e-01
3.886666666666666603e-01
3.886666666666666603e-01
3.886666666666666603e-01
3.886666666666666603e-01
3.886666666666666603e-01
3.886666666666666603e-01
3.886666666666666603e-01
3.886666666666666603e-01
3.886666666666666603e-01
3.886666666666666603e-01
3.886666666666666603e-01
3.886666666666666603e-01
3.886666666666666603e-01
3.883333333333333082e-01
3.883333333333333082e-01
3.883333333333333082e-01
3.883333333333333082e-01
3.883333333333333082e-01
3.883333333333333082e-01
3.883333333333333082e-01
3.883333333333333082e-01
3.883333333333333082e-01
3.883333333333333082e-01
3.883333333333333082e-01
3.883333333333333082e-01
3.883333333333333082e-01
3.883333333333333082e-01
3.883333333333333082e-01
3.880000000000000115e-01
3.880000000000000115e-01
3.880000000000000115e-01
3.880000000000000115e-01
3.880000000000000115e-01
3.880000000000000115e-01
3.880000000000000115e-01
3.880000000000000115e-01
3.880000000000000115e-01
3.880000000000000115e-01
3.880000000000000115e-01
3.876666666666666594e-01
3.876666666666666594e-01
3.876666666666666594e-01
3.876666666666666594e-01
3.876666666666666594e-01
3.876666666666666594e-01
3.876666666666666594e-01
3.876666666666666594e-01
3.876666666666666594e-01
3.876666666666666594e-01
3.876666666666666594e-01
3.876666666666666594e-01
3.876666666666666594e-01
3.876666666666666594e-01
3.876666666666666594e-01
3.876666666666666594e-01
3.876666666666666594e-01
3.876666666666666594e-01
3.876666666666666594e-01
3.876666666666666594e-01
3.876666666666666594e-01
3.876666666666666594e-01
3.876666666666666594e-01
3.876666666666666594e-01
3.876666666666666594e-01
3.873333333333333073e-01
3.873333333333333073e-01
3.873333333333333073e-01
3.873333333333333073e-01
3.873333333333333073e-01
3.873333333333333073e-01
3.873333333333333073e-01
3.873333333333333073e-01
3.873333333333333073e-01
3.873333333333333073e-01
3.870000000000000107e-01
3.870000000000000107e-01
3.870000000000000107e-01
3.870000000000000107e-01
3.870000000000000107e-01
3.870000000000000107e-01
3.866666666666666585e-01
3.863333333333333064e-01
3.863333333333333064e-01
3.863333333333333064e-01
3.863333333333333064e-01
3.863333333333333064e-01
3.860000000000000098e-01
3.860000000000000098e-01
3.860000000000000098e-01
3.860000000000000098e-01
3.860000000000000098e-01
3.860000000000000098e-01
3.860000000000000098e-01
3.860000000000000098e-01
3.860000000000000098e-01
3.860000000000000098e-01
3.860000000000000098e-01
3.860000000000000098e-01
3.860000000000000098e-01
3.860000000000000098e-01
3.860000000000000098e-01
3.860000000000000098e-01
3.860000000000000098e-01
3.860000000000000098e-01
3.860000000000000098e-01
3.860000000000000098e-01
3.860000000000000098e-01
3.860000000000000098e-01
3.860000000000000098e-01
3.860000000000000098e-01
3.860000000000000098e-01
3.860000000000000098e-01
3.860000000000000098e-01
3.860000000000000098e-01
3.856666666666666576e-01
3.856666666666666576e-01
3.856666666666666576e-01
3.856666666666666576e-01
3.856666666666666576e-01
3.856666666666666576e-01
3.856666666666666576e-01
3.856666666666666576e-01
3.856666666666666576e-01
3.856666666666666576e-01
3.856666666666666576e-01
3.856666666666666576e-01
3.856666666666666576e-01
3.856666666666666576e-01
3.856666666666666576e-01
3.856666666666666576e-01
3.856666666666666576e-01
3.856666666666666576e-01
3.856666666666666576e-01
3.856666666666666576e-01
3.856666666666666576e-01
3.856666666666666576e-01
3.856666666666666576e-01
3.856666666666666576e-01
3.856666666666666576e-01
3.856666666666666576e-01
3.856666666666666576e-01
3.856666666666666576e-01
3.856666666666666576e-01
3.856666666666666576e-01
3.856666666666666576e-01
3.856666666666666576e-01
3.856666666666666576e-01
3.856666666666666576e-01
3.856666666666666576e-01
3.856666666666666576e-01
3.856666666666666576e-01
3.853333333333333610e-01
3.853333333333333610e-01
3.853333333333333610e-01
3.850000000000000089e-01
3.850000000000000089e-01
3.850000000000000089e-01
3.850000000000000089e-01
3.850000000000000089e-01
3.850000000000000089e-01
3.850000000000000089e-01
3.850000000000000089e-01
3.850000000000000089e-01
3.850000000000000089e-01
3.850000000000000089e-01
3.850000000000000089e-01
3.850000000000000089e-01
3.846666666666666567e-01
3.846666666666666567e-01
3.846666666666666567e-01
3.843333333333333601e-01
3.843333333333333601e-01
3.843333333333333601e-01
3.843333333333333601e-01
3.843333333333333601e-01
3.843333333333333601e-01
3.843333333333333601e-01
3.843333333333333601e-01
3.843333333333333601e-01
3.843333333333333601e-01
3.843333333333333601e-01
3.843333333333333601e-01
3.843333333333333601e-01
3.843333333333333601e-01
3.843333333333333601e-01
3.843333333333333601e-01
3.840000000000000080e-01
3.840000000000000080e-01
3.840000000000000080e-01
3.840000000000000080e-01
3.840000000000000080e-01
3.840000000000000080e-01
3.840000000000000080e-01
3.840000000000000080e-01
3.840000000000000080e-01
3.840000000000000080e-01
3.840000000000000080e-01
3.840000000000000080e-01
3.840000000000000080e-01
3.840000000000000080e-01
3.840000000000000080e-01
3.840000000000000080e-01
3.840000000000000080e-01
3.836666666666666559e-01
3.836666666666666559e-01
3.836666666666666559e-01
3.836666666666666559e-01
3.836666666666666559e-01
3.836666666666666559e-01
3.836666666666666559e-01
3.833333333333333592e-01
3.833333333333333592e-01
3.833333333333333592e-01
3.833333333333333592e-01
3.833333333333333592e-01
3.833333333333333592e-01
3.833333333333333592e-01
3.833333333333333592e-01
3.833333333333333592e-01
3.833333333333333592e-01
3.833333333333333592e-01
3.833333333333333592e-01
3.833333333333333592e-01
3.833333333333333592e-01
3.833333333333333592e-01
3.833333333333333592e-01
3.833333333333333592e-01
3.833333333333333592e-01
3.833333333333333592e-01
3.830000000000000071e-01
3.830000000000000071e-01
3.830000000000000071e-01
3.830000000000000071e-01
3.830000000000000071e-01
3.826666666666666550e-01
3.823333333333333584e-01
3.823333333333333584e-01
3.823333333333333584e-01
3.823333333333333584e-01
3.823333333333333584e-01
3.823333333333333584e-01
3.823333333333333584e-01
3.823333333333333584e-01
3.823333333333333584e-01
3.823333333333333584e-01
3.823333333333333584e-01
3.823333333333333584e-01
3.823333333333333584e-01
3.823333333333333584e-01
3.823333333333333584e-01
3.823333333333333584e-01
3.823333333333333584e-01
3.823333333333333584e-01
3.820000000000000062e-01
3.820000000000000062e-01
3.816666666666666541e-01
3.816666666666666541e-01
3.816666666666666541e-01
3.816666666666666541e-01
3.816666666666666541e-01
3.816666666666666541e-01
3.816666666666666541e-01
3.816666666666666541e-01
3.816666666666666541e-01
3.816666666666666541e-01
3.816666666666666541e-01
3.813333333333333575e-01
3.813333333333333575e-01
3.813333333333333575e-01
3.810000000000000053e-01
3.810000000000000053e-01
3.810000000000000053e-01
3.810000000000000053e-01
3.806666666666666532e-01
3.806666666666666532e-01
3.806666666666666532e-01
3.806666666666666532e-01
3.806666666666666532e-01
3.806666666666666532e-01
3.806666666666666532e-01
3.806666666666666532e-01
3.806666666666666532e-01
3.803333333333333566e-01
3.803333333333333566e-01
3.803333333333333566e-01
3.803333333333333566e-01
3.803333333333333566e-01
3.803333333333333566e-01
3.800000000000000044e-01
3.800000000000000044e-01
3.800000000000000044e-01
3.800000000000000044e-01
3.800000000000000044e-01
3.800000000000000044e-01
3.800000000000000044e-01
3.800000000000000044e-01
3.800000000000000044e-01
3.800000000000000044e-01
3.800000000000000044e-01
3.796666666666666523e-01
3.796666666666666523e-01
3.796666666666666523e-01
3.796666666666666523e-01
3.796666666666666523e-01
3.793333333333333557e-01
3.793333333333333557e-01
3.793333333333333557e-01
3.793333333333333557e-01
3.793333333333333557e-01
3.793333333333333557e-01
3.793333333333333557e-01
3.793333333333333557e-01
3.793333333333333557e-01
3.793333333333333557e-01
3.793333333333333557e-01
3.793333333333333557e-01
3.793333333333333557e-01
3.793333333333333557e-01
3.793333333333333557e-01
3.793333333333333557e-01
3.793333333333333557e-01
3.793333333333333557e-01
3.793333333333333557e-01
3.793333333333333557e-01
3.793333333333333557e-01
3.793333333333333557e-01
3.790000000000000036e-01
3.790000000000000036e-01
3.790000000000000036e-01
3.790000000000000036e-01
3.790000000000000036e-01
3.790000000000000036e-01
3.790000000000000036e-01
3.790000000000000036e-01
3.790000000000000036e-01
3.786666666666666514e-01
3.786666666666666514e-01
3.786666666666666514e-01
3.786666666666666514e-01
3.786666666666666514e-01
3.780000000000000027e-01
3.780000000000000027e-01
3.780000000000000027e-01
3.776666666666666505e-01
3.776666666666666505e-01
3.776666666666666505e-01
3.776666666666666505e-01
3.776666666666666505e-01
3.776666666666666505e-01
3.776666666666666505e-01
3.776666666666666505e-01
3.776666666666666505e-01
3.776666666666666505e-01
3.776666666666666505e-01
3.776666666666666505e-01
3.776666666666666505e-01
3.776666666666666505e-01
3.776666666666666505e-01
3.776666666666666505e-01
3.776666666666666505e-01
3.776666666666666505e-01
3.776666666666666505e-01
3.776666666666666505e-01
3.776666666666666505e-01
3.776666666666666505e-01
3.776666666666666505e-01
3.773333333333333539e-01
3.773333333333333539e-01
3.773333333333333539e-01
3.773333333333333539e-01
3.773333333333333539e-01
3.773333333333333539e-01
3.773333333333333539e-01
3.773333333333333539e-01
3.773333333333333539e-01
3.773333333333333539e-01
3.773333333333333539e-01
3.773333333333333539e-01
3.773333333333333539e-01
3.773333333333333539e-01
3.773333333333333539e-01
3.773333333333333539e-01
3.773333333333333539e-01
3.773333333333333539e-01
3.773333333333333539e-01
3.773333333333333539e-01
3.773333333333333539e-01
3.773333333333333539e-01
3.773333333333333539e-01
3.773333333333333539e-01
3.773333333333333539e-01
3.770000000000000018e-01
3.770000000000000018e-01
3.770000000000000018e-01
3.770000000000000018e-01
3.770000000000000018e-01
3.770000000000000018e-01
3.766666666666666496e-01
3.766666666666666496e-01
3.766666666666666496e-01
3.766666666666666496e-01
3.766666666666666496e-01
3.766666666666666496e-01
3.766666666666666496e-01
3.766666666666666496e-01
3.766666666666666496e-01
3.766666666666666496e-01
3.766666666666666496e-01
3.766666666666666496e-01
3.766666666666666496e-01
3.766666666666666496e-01
3.766666666666666496e-01
3.766666666666666496e-01
3.766666666666666496e-01
3.766666666666666496e-01
3.766666666666666496e-01
3.766666666666666496e-01
3.766666666666666496e-01
3.766666666666666496e-01
3.763333333333333530e-01
3.763333333333333530e-01
3.763333333333333530e-01
3.763333333333333530e-01
3.763333333333333530e-01
3.763333333333333530e-01
3.763333333333333530e-01
3.763333333333333530e-01
3.763333333333333530e-01
3.763333333333333530e-01
3.763333333333333530e-01
3.763333333333333530e-01
3.763333333333333530e-01
3.763333333333333530e-01
3.763333333333333530e-01
3.763333333333333530e-01
3.763333333333333530e-01
3.763333333333333530e-01
3.763333333333333530e-01
3.763333333333333530e-01
3.763333333333333530e-01
3.763333333333333530e-01
3.763333333333333530e-01
3.763333333333333530e-01
3.763333333333333530e-01
3.763333333333333530e-01
3.763333333333333530e-01
3.763333333333333530e-01
3.763333333333333530e-01
3.763333333333333530e-01
3.763333333333333530e-01
3.763333333333333530e-01
3.763333333333333530e-01
3.763333333333333530e-01
3.763333333333333530e-01
3.763333333333333530e-01
3.763333333333333530e-01
3.763333333333333530e-01
3.763333333333333530e-01
3.763333333333333530e-01
3.763333333333333530e-01
3.763333333333333530e-01
3.763333333333333530e-01
3.763333333333333530e-01
3.763333333333333530e-01
3.763333333333333530e-01
3.763333333333333530e-01
3.763333333333333530e-01
3.763333333333333530e-01
3.763333333333333530e-01
3.763333333333333530e-01
3.763333333333333530e-01
3.763333333333333530e-01
3.763333333333333530e-01
3.763333333333333530e-01
3.763333333333333530e-01
3.763333333333333530e-01
3.760000000000000009e-01
3.760000000000000009e-01
3.760000000000000009e-01
3.760000000000000009e-01
3.756666666666666488e-01
3.756666666666666488e-01
3.756666666666666488e-01
3.756666666666666488e-01
3.756666666666666488e-01
3.753333333333333521e-01
3.753333333333333521e-01
3.753333333333333521e-01
3.753333333333333521e-01
3.753333333333333521e-01
3.753333333333333521e-01
3.753333333333333521e-01
3.753333333333333521e-01
3.753333333333333521e-01
3.753333333333333521e-01
3.753333333333333521e-01
3.753333333333333521e-01
3.753333333333333521e-01
3.753333333333333521e-01
3.753333333333333521e-01
3.753333333333333521e-01
3.753333333333333521e-01
3.753333333333333521e-01
3.753333333333333521e-01
3.753333333333333521e-01
3.753333333333333521e-01
3.753333333333333521e-01
3.753333333333333521e-01
3.753333333333333521e-01
3.753333333333333521e-01
3.753333333333333521e-01
3.753333333333333521e-01
3.753333333333333521e-01
3.753333333333333521e-01
3.753333333333333521e-01
3.753333333333333521e-01
3.753333333333333521e-01
3.753333333333333521e-01
3.753333333333333521e-01
3.753333333333333521e-01
3.753333333333333521e-01
3.753333333333333521e-01
3.753333333333333521e-01
3.753333333333333521e-01
3.753333333333333521e-01
3.753333333333333521e-01
3.753333333333333521e-01
3.753333333333333521e-01
3.753333333333333521e-01
3.753333333333333521e-01
3.753333333333333521e-01
3.753333333333333521e-01
3.753333333333333521e-01
3.753333333333333521e-01
3.750000000000000000e-01
3.750000000000000000e-01
3.750000000000000000e-01
3.750000000000000000e-01
3.750000000000000000e-01
3.750000000000000000e-01
3.750000000000000000e-01
3.750000000000000000e-01
3.750000000000000000e-01
3.750000000000000000e-01
3.750000000000000000e-01
3.750000000000000000e-01
3.750000000000000000e-01
3.750000000000000000e-01
3.750000000000000000e-01
3.750000000000000000e-01
3.750000000000000000e-01
3.750000000000000000e-01
3.750000000000000000e-01
3.750000000000000000e-01
3.750000000000000000e-01
3.750000000000000000e-01
3.750000000000000000e-01
3.750000000000000000e-01
3.750000000000000000e-01
3.750000000000000000e-01
3.750000000000000000e-01
3.750000000000000000e-01
3.750000000000000000e-01
3.750000000000000000e-01
3.750000000000000000e-01
3.750000000000000000e-01
3.750000000000000000e-01
3.750000000000000000e-01
3.750000000000000000e-01
3.750000000000000000e-01
3.750000000000000000e-01
3.750000000000000000e-01
3.750000000000000000e-01
3.750000000000000000e-01
3.750000000000000000e-01
3.750000000000000000e-01
3.750000000000000000e-01
3.750000000000000000e-01
3.750000000000000000e-01
3.750000000000000000e-01
3.750000000000000000e-01
3.750000000000000000e-01
3.750000000000000000e-01
3.750000000000000000e-01
3.750000000000000000e-01
3.750000000000000000e-01
3.750000000000000000e-01
3.750000000000000000e-01
3.750000000000000000e-01
3.750000000000000000e-01
3.750000000000000000e-01
3.750000000000000000e-01
3.750000000000000000e-01
3.750000000000000000e-01
3.750000000000000000e-01
3.750000000000000000e-01
3.750000000000000000e-01
3.750000000000000000e-01
3.750000000000000000e-01
3.750000000000000000e-01
3.750000000000000000e-01
3.750000000000000000e-01
3.750000000000000000e-01
3.750000000000000000e-01
3.750000000000000000e-01
3.750000000000000000e-01
3.750000000000000000e-01
3.750000000000000000e-01
3.750000000000000000e-01
3.750000000000000000e-01
3.750000000000000000e-01
3.750000000000000000e-01
3.750000000000000000e-01
3.750000000000000000e-01
3.750000000000000000e-01
3.750000000000000000e-01
3.746666666666666479e-01
3.746666666666666479e-01
3.746666666666666479e-01
3.746666666666666479e-01
3.746666666666666479e-01
3.746666666666666479e-01
3.743333333333333512e-01
3.743333333333333512e-01
3.743333333333333512e-01
3.743333333333333512e-01
3.743333333333333512e-01
3.743333333333333512e-01
3.743333333333333512e-01
3.743333333333333512e-01
3.743333333333333512e-01
3.743333333333333512e-01
3.743333333333333512e-01
3.743333333333333512e-01
3.743333333333333512e-01
3.743333333333333512e-01
3.743333333333333512e-01
3.743333333333333512e-01
3.743333333333333512e-01
3.743333333333333512e-01
3.743333333333333512e-01
3.743333333333333512e-01
3.739999999999999991e-01
3.739999999999999991e-01
3.739999999999999991e-01
3.739999999999999991e-01
3.739999999999999991e-01
3.739999999999999991e-01
3.739999999999999991e-01
3.739999999999999991e-01
3.739999999999999991e-01
3.739999999999999991e-01
3.739999999999999991e-01
3.739999999999999991e-01
3.739999999999999991e-01
3.739999999999999991e-01
3.739999999999999991e-01
3.739999999999999991e-01
3.739999999999999991e-01
3.739999999999999991e-01
3.739999999999999991e-01
3.739999999999999991e-01
3.739999999999999991e-01
3.739999999999999991e-01
3.736666666666666470e-01
3.736666666666666470e-01
3.736666666666666470e-01
3.736666666666666470e-01
3.736666666666666470e-01
3.736666666666666470e-01
3.736666666666666470e-01
3.736666666666666470e-01
3.736666666666666470e-01
3.736666666666666470e-01
3.736666666666666470e-01
3.736666666666666470e-01
3.736666666666666470e-01
3.736666666666666470e-01
3.736666666666666470e-01
3.736666666666666470e-01
3.736666666666666470e-01
3.736666666666666470e-01
3.736666666666666470e-01
3.736666666666666470e-01
3.736666666666666470e-01
3.736666666666666470e-01
3.736666666666666470e-01
3.733333333333333504e-01
3.733333333333333504e-01
3.733333333333333504e-01
3.733333333333333504e-01
3.733333333333333504e-01
3.733333333333333504e-01
3.733333333333333504e-01
3.733333333333333504e-01
3.733333333333333504e-01
3.733333333333333504e-01
3.733333333333333504e-01
3.733333333333333504e-01
3.733333333333333504e-01
3.733333333333333504e-01
3.733333333333333504e-01
3.733333333333333504e-01
3.733333333333333504e-01
3.733333333333333504e-01
3.733333333333333504e-01
3.733333333333333504e-01
3.733333333333333504e-01
3.733333333333333504e-01
3.733333333333333504e-01
3.733333333333333504e-01
3.733333333333333504e-01
3.733333333333333504e-01
3.733333333333333504e-01
3.733333333333333504e-01
3.733333333333333504e-01
3.733333333333333504e-01
3.733333333333333504e-01
3.733333333333333504e-01
3.733333333333333504e-01
3.733333333333333504e-01
3.733333333333333504e-01
3.733333333333333504e-01
3.733333333333333504e-01
3.733333333333333504e-01
3.733333333333333504e-01
3.729999999999999982e-01
3.729999999999999982e-01
3.729999999999999982e-01
3.729999999999999982e-01
3.729999999999999982e-01
3.729999999999999982e-01
3.729999999999999982e-01
3.729999999999999982e-01
3.729999999999999982e-01
3.729999999999999982e-01
3.729999999999999982e-01
3.729999999999999982e-01
3.729999999999999982e-01
3.723333333333333495e-01
3.723333333333333495e-01
3.723333333333333495e-01
3.723333333333333495e-01
3.723333333333333495e-01
3.723333333333333495e-01
3.723333333333333495e-01
3.723333333333333495e-01
3.723333333333333495e-01
3.723333333333333495e-01
3.723333333333333495e-01
3.723333333333333495e-01
3.719999999999999973e-01
3.719999999999999973e-01
3.719999999999999973e-01
3.719999999999999973e-01
3.719999999999999973e-01
3.719999999999999973e-01
3.719999999999999973e-01
3.719999999999999973e-01
3.719999999999999973e-01
3.719999999999999973e-01
3.719999999999999973e-01
3.719999999999999973e-01
3.719999999999999973e-01
3.716666666666666452e-01
3.716666666666666452e-01
3.716666666666666452e-01
3.716666666666666452e-01
3.716666666666666452e-01
3.716666666666666452e-01
3.716666666666666452e-01
3.716666666666666452e-01
3.716666666666666452e-01
3.716666666666666452e-01
3.716666666666666452e-01
3.716666666666666452e-01
3.716666666666666452e-01
3.716666666666666452e-01
3.716666666666666452e-01
3.716666666666666452e-01
3.716666666666666452e-01
3.716666666666666452e-01
3.716666666666666452e-01
3.716666666666666452e-01
3.716666666666666452e-01
3.716666666666666452e-01
3.716666666666666452e-01
3.716666666666666452e-01
3.716666666666666452e-01
3.716666666666666452e-01
3.716666666666666452e-01
3.716666666666666452e-01
3.716666666666666452e-01
3.716666666666666452e-01
3.716666666666666452e-01
3.716666666666666452e-01
3.716666666666666452e-01
3.716666666666666452e-01
3.716666666666666452e-01
3.716666666666666452e-01
3.716666666666666452e-01
3.716666666666666452e-01
3.716666666666666452e-01
3.716666666666666452e-01
3.716666666666666452e-01
3.716666666666666452e-01
3.716666666666666452e-01
3.716666666666666452e-01
3.716666666666666452e-01
3.713333333333333486e-01
3.713333333333333486e-01
3.713333333333333486e-01
3.713333333333333486e-01
3.713333333333333486e-01
3.713333333333333486e-01
3.713333333333333486e-01
3.713333333333333486e-01
3.713333333333333486e-01
3.713333333333333486e-01
3.713333333333333486e-01
3.709999999999999964e-01
3.709999999999999964e-01
3.709999999999999964e-01
3.709999999999999964e-01
3.709999999999999964e-01
3.709999999999999964e-01
3.709999999999999964e-01
3.709999999999999964e-01
3.709999999999999964e-01
3.709999999999999964e-01
3.709999999999999964e-01
3.709999999999999964e-01
3.709999999999999964e-01
3.709999999999999964e-01
3.709999999999999964e-01
3.709999999999999964e-01
3.709999999999999964e-01
3.709999999999999964e-01
3.709999999999999964e-01
3.709999999999999964e-01
3.709999999999999964e-01
3.709999999999999964e-01
3.709999999999999964e-01
3.709999999999999964e-01
3.709999999999999964e-01
3.709999999999999964e-01
3.709999999999999964e-01
3.709999999999999964e-01
3.709999999999999964e-01
3.709999999999999964e-01
3.709999999999999964e-01
3.709999999999999964e-01
3.709999999999999964e-01
3.709999999999999964e-01
3.709999999999999964e-01
3.709999999999999964e-01
3.709999999999999964e-01
3.709999999999999964e-01
3.709999999999999964e-01
3.709999999999999964e-01
3.709999999999999964e-01
3.709999999999999964e-01
3.709999999999999964e-01
3.709999999999999964e-01
3.709999999999999964e-01
3.709999999999999964e-01
3.709999999999999964e-01
3.709999999999999964e-01
3.709999999999999964e-01
3.709999999999999964e-01
3.709999999999999964e-01
3.709999999999999964e-01
3.709999999999999964e-01
3.709999999999999964e-01
3.709999999999999964e-01
3.709999999999999964e-01
3.709999999999999964e-01
3.709999999999999964e-01
3.709999999999999964e-01
3.709999999999999964e-01
3.709999999999999964e-01
3.709999999999999964e-01
3.709999999999999964e-01
3.709999999999999964e-01
3.709999999999999964e-01
3.709999999999999964e-01
3.709999999999999964e-01
3.709999999999999964e-01
3.709999999999999964e-01
3.709999999999999964e-01
3.709999999999999964e-01
3.709999999999999964e-01
3.709999999999999964e-01
3.709999999999999964e-01
3.709999999999999964e-01
3.709999999999999964e-01
3.709999999999999964e-01
3.709999999999999964e-01
3.709999999999999964e-01
3.709999999999999964e-01
3.709999999999999964e-01
3.709999999999999964e-01
3.709999999999999964e-01
3.709999999999999964e-01
3.706666666666666443e-01
3.706666666666666443e-01
3.706666666666666443e-01
3.706666666666666443e-01
3.706666666666666443e-01
3.706666666666666443e-01
3.706666666666666443e-01
3.706666666666666443e-01
3.706666666666666443e-01
3.706666666666666443e-01
3.706666666666666443e-01
3.706666666666666443e-01
3.706666666666666443e-01
3.706666666666666443e-01
3.706666666666666443e-01
3.706666666666666443e-01
3.706666666666666443e-01
3.706666666666666443e-01
3.706666666666666443e-01
3.706666666666666443e-01
3.703333333333333477e-01
3.703333333333333477e-01
3.703333333333333477e-01
3.703333333333333477e-01
3.703333333333333477e-01
3.703333333333333477e-01
3.703333333333333477e-01
3.703333333333333477e-01
3.703333333333333477e-01
3.703333333333333477e-01
3.703333333333333477e-01
3.703333333333333477e-01
3.703333333333333477e-01
3.703333333333333477e-01
3.703333333333333477e-01
3.703333333333333477e-01
3.703333333333333477e-01
3.703333333333333477e-01
3.703333333333333477e-01
3.703333333333333477e-01
3.703333333333333477e-01
3.703333333333333477e-01
3.699999999999999956e-01
3.699999999999999956e-01
3.699999999999999956e-01
3.699999999999999956e-01
3.699999999999999956e-01
3.699999999999999956e-01
3.699999999999999956e-01
3.699999999999999956e-01
3.699999999999999956e-01
3.699999999999999956e-01
3.699999999999999956e-01
3.699999999999999956e-01
3.699999999999999956e-01
3.699999999999999956e-01
3.699999999999999956e-01
3.699999999999999956e-01
3.699999999999999956e-01
3.699999999999999956e-01
3.699999999999999956e-01
3.699999999999999956e-01
3.699999999999999956e-01
3.699999999999999956e-01
3.699999999999999956e-01
3.699999999999999956e-01
3.699999999999999956e-01
3.699999999999999956e-01
3.699999999999999956e-01
3.699999999999999956e-01
3.699999999999999956e-01
3.699999999999999956e-01
3.699999999999999956e-01
3.699999999999999956e-01
3.699999999999999956e-01
3.699999999999999956e-01
3.699999999999999956e-01
3.699999999999999956e-01
3.699999999999999956e-01
3.696666666666666434e-01
3.693333333333333468e-01
3.693333333333333468e-01
3.693333333333333468e-01
3.693333333333333468e-01
3.693333333333333468e-01
3.693333333333333468e-01
3.693333333333333468e-01
3.693333333333333468e-01
3.693333333333333468e-01
3.693333333333333468e-01
3.693333333333333468e-01
3.693333333333333468e-01
3.693333333333333468e-01
3.693333333333333468e-01
3.693333333333333468e-01
3.693333333333333468e-01
3.693333333333333468e-01
3.693333333333333468e-01
3.693333333333333468e-01
3.693333333333333468e-01
3.693333333333333468e-01
3.693333333333333468e-01
3.693333333333333468e-01
3.693333333333333468e-01
3.693333333333333468e-01
3.693333333333333468e-01
3.693333333333333468e-01
3.693333333333333468e-01
3.693333333333333468e-01
3.693333333333333468e-01
3.693333333333333468e-01
3.693333333333333468e-01
3.693333333333333468e-01
3.693333333333333468e-01
3.693333333333333468e-01
3.693333333333333468e-01
3.693333333333333468e-01
3.693333333333333468e-01
3.693333333333333468e-01
3.693333333333333468e-01
3.693333333333333468e-01
3.693333333333333468e-01
3.693333333333333468e-01
3.693333333333333468e-01
3.693333333333333468e-01
3.693333333333333468e-01
3.693333333333333468e-01
3.693333333333333468e-01
3.693333333333333468e-01
3.693333333333333468e-01
3.693333333333333468e-01
3.693333333333333468e-01
3.693333333333333468e-01
3.693333333333333468e-01
3.693333333333333468e-01
3.693333333333333468e-01
3.693333333333333468e-01
3.693333333333333468e-01
3.693333333333333468e-01
3.689999999999999947e-01
3.689999999999999947e-01
3.689999999999999947e-01
3.689999999999999947e-01
3.689999999999999947e-01
3.689999999999999947e-01
3.689999999999999947e-01
3.689999999999999947e-01
3.689999999999999947e-01
3.689999999999999947e-01
3.689999999999999947e-01
3.689999999999999947e-01
3.689999999999999947e-01
3.689999999999999947e-01
3.689999999999999947e-01
3.689999999999999947e-01
3.689999999999999947e-01
3.689999999999999947e-01
3.689999999999999947e-01
3.689999999999999947e-01
3.689999999999999947e-01
3.689999999999999947e-01
3.689999999999999947e-01
3.689999999999999947e-01
3.689999999999999947e-01
3.689999999999999947e-01
3.689999999999999947e-01
3.689999999999999947e-01
3.689999999999999947e-01
3.689999999999999947e-01
3.689999999999999947e-01
3.689999999999999947e-01
3.689999999999999947e-01
3.689999999999999947e-01
3.689999999999999947e-01
3.689999999999999947e-01
3.689999999999999947e-01
3.689999999999999947e-01
3.689999999999999947e-01
3.689999999999999947e-01
3.689999999999999947e-01
3.689999999999999947e-01
3.689999999999999947e-01
3.689999999999999947e-01
3.689999999999999947e-01
3.689999999999999947e-01
3.689999999999999947e-01
3.689999999999999947e-01
3.689999999999999947e-01
3.689999999999999947e-01
3.689999999999999947e-01
3.686666666666666425e-01
3.683333333333333459e-01
3.683333333333333459e-01
3.683333333333333459e-01
3.683333333333333459e-01
3.683333333333333459e-01
3.679999999999999938e-01
3.679999999999999938e-01
3.679999999999999938e-01
3.679999999999999938e-01
3.679999999999999938e-01
3.679999999999999938e-01
3.679999999999999938e-01
3.679999999999999938e-01
3.679999999999999938e-01
3.679999999999999938e-01
3.679999999999999938e-01
3.679999999999999938e-01
3.679999999999999938e-01
3.679999999999999938e-01
3.679999999999999938e-01
3.679999999999999938e-01
3.679999999999999938e-01
3.679999999999999938e-01
3.679999999999999938e-01
3.676666666666666416e-01
3.676666666666666416e-01
3.676666666666666416e-01
3.676666666666666416e-01
3.676666666666666416e-01
3.676666666666666416e-01
3.676666666666666416e-01
3.676666666666666416e-01
3.676666666666666416e-01
3.676666666666666416e-01
3.676666666666666416e-01
3.676666666666666416e-01
3.676666666666666416e-01
3.676666666666666416e-01
3.676666666666666416e-01
3.676666666666666416e-01
3.676666666666666416e-01
3.676666666666666416e-01
3.676666666666666416e-01
3.676666666666666416e-01
3.676666666666666416e-01
3.676666666666666416e-01
3.676666666666666416e-01
3.676666666666666416e-01
3.676666666666666416e-01
3.673333333333333450e-01
3.673333333333333450e-01
3.673333333333333450e-01
3.673333333333333450e-01
3.673333333333333450e-01
3.673333333333333450e-01
3.673333333333333450e-01
3.673333333333333450e-01
3.673333333333333450e-01
3.673333333333333450e-01
3.673333333333333450e-01
3.673333333333333450e-01
3.673333333333333450e-01
3.673333333333333450e-01
3.673333333333333450e-01
3.673333333333333450e-01
3.673333333333333450e-01
3.673333333333333450e-01
3.673333333333333450e-01
3.673333333333333450e-01
3.673333333333333450e-01
3.673333333333333450e-01
3.673333333333333450e-01
3.673333333333333450e-01
3.673333333333333450e-01
3.673333333333333450e-01
3.673333333333333450e-01
3.669999999999999929e-01
3.669999999999999929e-01
3.669999999999999929e-01
3.669999999999999929e-01
3.669999999999999929e-01
3.669999999999999929e-01
3.669999999999999929e-01
3.669999999999999929e-01
3.669999999999999929e-01
3.669999999999999929e-01
3.669999999999999929e-01
3.669999999999999929e-01
3.669999999999999929e-01
3.669999999999999929e-01
3.669999999999999929e-01
3.669999999999999929e-01
3.669999999999999929e-01
3.669999999999999929e-01
3.669999999999999929e-01
3.669999999999999929e-01
3.669999999999999929e-01
3.669999999999999929e-01
3.669999999999999929e-01
3.669999999999999929e-01
3.669999999999999929e-01
3.669999999999999929e-01
3.669999999999999929e-01
3.669999999999999929e-01
3.669999999999999929e-01
3.669999999999999929e-01
3.669999999999999929e-01
3.669999999999999929e-01
3.669999999999999929e-01
3.669999999999999929e-01
3.669999999999999929e-01
3.669999999999999929e-01
3.669999999999999929e-01
3.669999999999999929e-01
3.669999999999999929e-01
3.669999999999999929e-01
3.669999999999999929e-01
3.669999999999999929e-01
3.669999999999999929e-01
3.669999999999999929e-01
3.669999999999999929e-01
3.669999999999999929e-01
3.669999999999999929e-01
3.669999999999999929e-01
3.669999999999999929e-01
3.669999999999999929e-01
3.669999999999999929e-01
3.666666666666666408e-01
3.666666666666666408e-01
3.666666666666666408e-01
3.666666666666666408e-01
3.666666666666666408e-01
3.666666666666666408e-01
3.666666666666666408e-01
3.666666666666666408e-01
3.666666666666666408e-01
3.666666666666666408e-01
3.666666666666666408e-01
3.666666666666666408e-01
3.666666666666666408e-01
3.666666666666666408e-01
3.666666666666666408e-01
3.666666666666666408e-01
3.666666666666666408e-01
3.666666666666666408e-01
3.666666666666666408e-01
3.666666666666666408e-01
3.666666666666666408e-01
3.666666666666666408e-01
3.666666666666666408e-01
3.666666666666666408e-01
3.666666666666666408e-01
3.666666666666666408e-01
3.666666666666666408e-01
3.663333333333333441e-01
3.663333333333333441e-01
3.663333333333333441e-01
3.663333333333333441e-01
3.663333333333333441e-01
3.659999999999999920e-01
3.659999999999999920e-01
3.659999999999999920e-01
3.659999999999999920e-01
3.659999999999999920e-01
3.659999999999999920e-01
3.659999999999999920e-01
3.659999999999999920e-01
3.659999999999999920e-01
3.659999999999999920e-01
3.659999999999999920e-01
3.659999999999999920e-01
3.659999999999999920e-01
3.659999999999999920e-01
3.659999999999999920e-01
3.659999999999999920e-01
3.659999999999999920e-01
3.659999999999999920e-01
3.659999999999999920e-01
3.659999999999999920e-01
3.659999999999999920e-01
3.659999999999999920e-01
3.659999999999999920e-01
3.659999999999999920e-01
3.659999999999999920e-01
3.659999999999999920e-01
3.659999999999999920e-01
3.659999999999999920e-01
3.659999999999999920e-01
3.659999999999999920e-01
3.659999999999999920e-01
3.659999999999999920e-01
3.653333333333333433e-01
3.653333333333333433e-01
3.653333333333333433e-01
3.653333333333333433e-01
3.649999999999999911e-01
3.649999999999999911e-01
3.649999999999999911e-01
3.649999999999999911e-01
3.649999999999999911e-01
3.649999999999999911e-01
3.649999999999999911e-01
3.649999999999999911e-01
3.649999999999999911e-01
3.649999999999999911e-01
3.649999999999999911e-01
3.649999999999999911e-01
3.649999999999999911e-01
3.649999999999999911e-01
3.649999999999999911e-01
3.649999999999999911e-01
3.649999999999999911e-01
3.649999999999999911e-01
3.649999999999999911e-01
3.649999999999999911e-01
3.649999999999999911e-01
3.649999999999999911e-01
3.649999999999999911e-01
3.649999999999999911e-01
3.649999999999999911e-01
3.649999999999999911e-01
3.649999999999999911e-01
3.649999999999999911e-01
3.649999999999999911e-01
3.649999999999999911e-01
3.649999999999999911e-01
3.649999999999999911e-01
3.649999999999999911e-01
3.649999999999999911e-01
3.646666666666666390e-01
3.646666666666666390e-01
3.646666666666666390e-01
3.646666666666666390e-01
3.646666666666666390e-01
3.646666666666666390e-01
3.646666666666666390e-01
3.646666666666666390e-01
3.646666666666666390e-01
3.646666666666666390e-01
3.646666666666666390e-01
3.646666666666666390e-01
3.646666666666666390e-01
3.646666666666666390e-01
3.643333333333333424e-01
3.643333333333333424e-01
3.643333333333333424e-01
3.643333333333333424e-01
3.643333333333333424e-01
3.643333333333333424e-01
3.643333333333333424e-01
3.643333333333333424e-01
3.643333333333333424e-01
3.643333333333333424e-01
3.643333333333333424e-01
3.643333333333333424e-01
3.643333333333333424e-01
3.643333333333333424e-01
3.643333333333333424e-01
3.643333333333333424e-01
3.643333333333333424e-01
3.643333333333333424e-01
3.643333333333333424e-01
3.643333333333333424e-01
3.643333333333333424e-01
3.639999999999999902e-01
3.639999999999999902e-01
3.639999999999999902e-01
3.639999999999999902e-01
3.639999999999999902e-01
3.639999999999999902e-01
3.639999999999999902e-01
3.639999999999999902e-01
3.639999999999999902e-01
3.639999999999999902e-01
3.639999999999999902e-01
3.639999999999999902e-01
3.639999999999999902e-01
3.639999999999999902e-01
3.639999999999999902e-01
3.639999999999999902e-01
3.639999999999999902e-01
3.639999999999999902e-01
3.639999999999999902e-01
3.639999999999999902e-01
3.639999999999999902e-01
3.639999999999999902e-01
3.639999999999999902e-01
3.639999999999999902e-01
3.639999999999999902e-01
3.639999999999999902e-01
3.639999999999999902e-01
3.639999999999999902e-01
3.639999999999999902e-01
3.639999999999999902e-01
3.639999999999999902e-01
3.639999999999999902e-01
3.639999999999999902e-01
3.639999999999999902e-01
3.639999999999999902e-01
3.639999999999999902e-01
3.639999999999999902e-01
3.639999999999999902e-01
3.639999999999999902e-01
3.639999999999999902e-01
3.639999999999999902e-01
3.639999999999999902e-01
3.639999999999999902e-01
3.639999999999999902e-01
3.639999999999999902e-01
3.639999999999999902e-01
3.639999999999999902e-01
3.639999999999999902e-01
3.639999999999999902e-01
3.639999999999999902e-01
3.639999999999999902e-01
3.639999999999999902e-01
3.639999999999999902e-01
3.639999999999999902e-01
3.639999999999999902e-01
3.639999999999999902e-01
3.639999999999999902e-01
3.639999999999999902e-01
