3.363333333333333175e-01
3.363333333333333175e-01
3.363333333333333175e-01
3.363333333333333175e-01
3.363333333333333175e-01
3.363333333333333175e-01
3.363333333333333175e-01
3.363333333333333175e-01
3.363333333333333175e-01
3.363333333333333175e-01
3.363333333333333175e-01
3.363333333333333175e-01
3.363333333333333175e-01
3.363333333333333175e-01
3.363333333333333175e-01
3.363333333333333175e-01
3.363333333333333175e-01
3.363333333333333175e-01
3.363333333333333175e-01
3.363333333333333175e-01
3.363333333333333175e-01
3.363333333333333175e-01
3.363333333333333175e-01
3.363333333333333175e-01
3.363333333333333175e-01
3.363333333333333175e-01
3.363333333333333175e-01
3.363333333333333175e-01
3.363333333333333175e-01
3.363333333333333175e-01
3.363333333333333175e-01
3.363333333333333175e-01
3.363333333333333175e-01
3.363333333333333175e-01
3.363333333333333175e-01
3.363333333333333175e-01
3.363333333333333175e-01
3.363333333333333175e-01
3.363333333333333175e-01
3.363333333333333175e-01
3.363333333333333175e-01
3.363333333333333175e-01
3.363333333333333175e-01
3.363333333333333175e-01
3.360000000000000209e-01
3.360000000000000209e-01
3.360000000000000209e-01
3.356666666666666687e-01
3.353333333333333166e-01
3.353333333333333166e-01
3.353333333333333166e-01
3.350000000000000200e-01
3.350000000000000200e-01
3.350000000000000200e-01
3.340000000000000191e-01
3.336666666666666670e-01
3.330000000000000182e-01
3.320000000000000173e-01
3.310000000000000164e-01
3.306666666666666643e-01
3.296666666666666634e-01
3.290000000000000147e-01
3.283333333333333104e-01
3.276666666666666616e-01
3.270000000000000129e-01
3.270000000000000129e-01
3.263333333333333086e-01
3.253333333333333077e-01
3.246666666666666590e-01
3.240000000000000102e-01
3.236666666666666581e-01
3.233333333333333059e-01
3.233333333333333059e-01
3.230000000000000093e-01
3.230000000000000093e-01
3.226666666666666572e-01
3.223333333333333606e-01
3.216666666666666563e-01
3.213333333333333597e-01
3.210000000000000075e-01
3.206666666666666554e-01
3.203333333333333588e-01
3.203333333333333588e-01
3.203333333333333588e-01
3.203333333333333588e-01
3.200000000000000067e-01
3.200000000000000067e-01
3.200000000000000067e-01
3.200000000000000067e-01
3.193333333333333579e-01
3.190000000000000058e-01
3.190000000000000058e-01
3.190000000000000058e-01
3.190000000000000058e-01
3.186666666666666536e-01
3.186666666666666536e-01
3.186666666666666536e-01
3.183333333333333570e-01
3.183333333333333570e-01
3.183333333333333570e-01
3.183333333333333570e-01
3.180000000000000049e-01
3.176666666666666528e-01
3.173333333333333561e-01
3.170000000000000040e-01
3.170000000000000040e-01
3.166666666666666519e-01
3.166666666666666519e-01
3.160000000000000031e-01
3.156666666666666510e-01
3.156666666666666510e-01
3.156666666666666510e-01
3.153333333333333544e-01
3.146666666666666501e-01
3.143333333333333535e-01
3.140000000000000013e-01
3.140000000000000013e-01
3.140000000000000013e-01
3.133333333333333526e-01
3.130000000000000004e-01
3.123333333333333517e-01
3.119999999999999996e-01
3.116666666666666474e-01
3.116666666666666474e-01
3.116666666666666474e-01
3.116666666666666474e-01
3.113333333333333508e-01
3.113333333333333508e-01
3.113333333333333508e-01
3.109999999999999987e-01
3.103333333333333499e-01
3.099999999999999978e-01
3.093333333333333490e-01
3.093333333333333490e-01
3.093333333333333490e-01
3.089999999999999969e-01
3.089999999999999969e-01
3.086666666666666448e-01
3.083333333333333481e-01
3.079999999999999960e-01
3.076666666666666439e-01
3.073333333333333472e-01
3.059999999999999942e-01
3.059999999999999942e-01
3.056666666666666421e-01
3.053333333333333455e-01
3.053333333333333455e-01
3.053333333333333455e-01
3.046666666666666412e-01
3.043333333333333446e-01
3.043333333333333446e-01
3.039999999999999925e-01
3.036666666666666403e-01
3.033333333333333437e-01
3.023333333333333428e-01
3.019999999999999907e-01
3.019999999999999907e-01
3.016666666666666941e-01
3.013333333333333419e-01
3.013333333333333419e-01
3.006666666666666932e-01
3.006666666666666932e-01
2.996666666666666923e-01
2.993333333333333401e-01
2.989999999999999880e-01
2.986666666666666914e-01
2.979999999999999871e-01
2.976666666666666905e-01
2.973333333333333384e-01
2.973333333333333384e-01
2.973333333333333384e-01
2.969999999999999862e-01
2.963333333333333375e-01
2.959999999999999853e-01
2.956666666666666887e-01
2.953333333333333366e-01
2.949999999999999845e-01
2.949999999999999845e-01
2.943333333333333357e-01
2.936666666666666869e-01
2.933333333333333348e-01
2.929999999999999827e-01
2.923333333333333339e-01
2.919999999999999818e-01
2.919999999999999818e-01
2.919999999999999818e-01
2.913333333333333330e-01
2.909999999999999809e-01
2.909999999999999809e-01
2.906666666666666843e-01
2.899999999999999800e-01
2.893333333333333313e-01
2.893333333333333313e-01
2.893333333333333313e-01
2.893333333333333313e-01
2.889999999999999791e-01
2.886666666666666825e-01
2.886666666666666825e-01
2.886666666666666825e-01
2.879999999999999782e-01
2.879999999999999782e-01
2.873333333333333295e-01
2.869999999999999774e-01
2.869999999999999774e-01
2.869999999999999774e-01
2.866666666666666807e-01
2.863333333333333286e-01
2.856666666666666798e-01
2.853333333333333277e-01
2.849999999999999756e-01
2.849999999999999756e-01
2.849999999999999756e-01
2.849999999999999756e-01
2.846666666666666790e-01
2.843333333333333268e-01
2.843333333333333268e-01
2.836666666666666781e-01
2.829999999999999738e-01
2.826666666666666772e-01
2.826666666666666772e-01
2.826666666666666772e-01
2.823333333333333250e-01
2.823333333333333250e-01
2.819999999999999729e-01
2.819999999999999729e-01
2.816666666666666763e-01
2.816666666666666763e-01
2.816666666666666763e-01
2.816666666666666763e-01
2.813333333333333242e-01
2.810000000000000275e-01
2.810000000000000275e-01
2.810000000000000275e-01
2.806666666666666754e-01
2.800000000000000266e-01
2.800000000000000266e-01
2.796666666666666745e-01
2.796666666666666745e-01
2.790000000000000258e-01
2.786666666666666736e-01
2.786666666666666736e-01
2.786666666666666736e-01
2.786666666666666736e-01
2.786666666666666736e-01
2.786666666666666736e-01
2.783333333333333215e-01
2.783333333333333215e-01
2.780000000000000249e-01
2.780000000000000249e-01
2.776666666666666727e-01
2.773333333333333206e-01
2.773333333333333206e-01
2.770000000000000240e-01
2.770000000000000240e-01
2.770000000000000240e-01
2.770000000000000240e-01
2.770000000000000240e-01
2.766666666666666718e-01
2.763333333333333197e-01
2.763333333333333197e-01
2.763333333333333197e-01
2.763333333333333197e-01
2.763333333333333197e-01
2.760000000000000231e-01
2.756666666666666710e-01
2.753333333333333188e-01
2.753333333333333188e-01
2.753333333333333188e-01
2.753333333333333188e-01
2.753333333333333188e-01
2.753333333333333188e-01
2.753333333333333188e-01
2.753333333333333188e-01
2.753333333333333188e-01
2.753333333333333188e-01
2.753333333333333188e-01
2.753333333333333188e-01
2.753333333333333188e-01
2.753333333333333188e-01
2.750000000000000222e-01
2.750000000000000222e-01
2.750000000000000222e-01
2.750000000000000222e-01
2.750000000000000222e-01
2.750000000000000222e-01
2.750000000000000222e-01
2.750000000000000222e-01
2.750000000000000222e-01
2.750000000000000222e-01
2.750000000000000222e-01
2.746666666666666701e-01
2.746666666666666701e-01
2.746666666666666701e-01
2.746666666666666701e-01
2.746666666666666701e-01
2.746666666666666701e-01
2.746666666666666701e-01
2.746666666666666701e-01
2.746666666666666701e-01
2.746666666666666701e-01
2.746666666666666701e-01
2.743333333333333179e-01
2.743333333333333179e-01
2.743333333333333179e-01
2.743333333333333179e-01
2.743333333333333179e-01
2.743333333333333179e-01
2.740000000000000213e-01
2.740000000000000213e-01
2.740000000000000213e-01
2.740000000000000213e-01
2.740000000000000213e-01
2.740000000000000213e-01
2.740000000000000213e-01
2.740000000000000213e-01
2.740000000000000213e-01
2.740000000000000213e-01
2.740000000000000213e-01
2.740000000000000213e-01
2.740000000000000213e-01
2.740000000000000213e-01
2.740000000000000213e-01
2.740000000000000213e-01
2.736666666666666692e-01
2.736666666666666692e-01
2.736666666666666692e-01
2.736666666666666692e-01
2.736666666666666692e-01
2.736666666666666692e-01
2.736666666666666692e-01
2.736666666666666692e-01
2.736666666666666692e-01
2.736666666666666692e-01
2.736666666666666692e-01
2.736666666666666692e-01
2.736666666666666692e-01
2.736666666666666692e-01
2.736666666666666692e-01
2.736666666666666692e-01
2.736666666666666692e-01
2.736666666666666692e-01
2.736666666666666692e-01
2.736666666666666692e-01
2.736666666666666692e-01
2.733333333333333171e-01
2.733333333333333171e-01
2.733333333333333171e-01
2.733333333333333171e-01
2.733333333333333171e-01
2.733333333333333171e-01
2.733333333333333171e-01
2.733333333333333171e-01
2.733333333333333171e-01
2.733333333333333171e-01
2.733333333333333171e-01
2.733333333333333171e-01
2.733333333333333171e-01
2.733333333333333171e-01
2.733333333333333171e-01
2.733333333333333171e-01
2.733333333333333171e-01
2.733333333333333171e-01
2.733333333333333171e-01
2.733333333333333171e-01
2.733333333333333171e-01
2.733333333333333171e-01
2.733333333333333171e-01
2.733333333333333171e-01
2.730000000000000204e-01
2.730000000000000204e-01
2.730000000000000204e-01
2.730000000000000204e-01
2.730000000000000204e-01
2.730000000000000204e-01
2.730000000000000204e-01
2.730000000000000204e-01
2.730000000000000204e-01
2.730000000000000204e-01
2.730000000000000204e-01
2.730000000000000204e-01
2.730000000000000204e-01
2.730000000000000204e-01
2.730000000000000204e-01
2.730000000000000204e-01
2.730000000000000204e-01
2.730000000000000204e-01
2.730000000000000204e-01
2.730000000000000204e-01
2.730000000000000204e-01
2.730000000000000204e-01
2.730000000000000204e-01
2.730000000000000204e-01
2.730000000000000204e-01
2.730000000000000204e-01
2.730000000000000204e-01
2.726666666666666683e-01
2.726666666666666683e-01
2.726666666666666683e-01
2.726666666666666683e-01
2.726666666666666683e-01
2.726666666666666683e-01
2.726666666666666683e-01
2.723333333333333162e-01
2.723333333333333162e-01
2.723333333333333162e-01
2.723333333333333162e-01
2.723333333333333162e-01
2.723333333333333162e-01
2.723333333333333162e-01
2.723333333333333162e-01
2.723333333333333162e-01
2.723333333333333162e-01
2.723333333333333162e-01
2.723333333333333162e-01
2.723333333333333162e-01
2.723333333333333162e-01
2.723333333333333162e-01
2.720000000000000195e-01
2.720000000000000195e-01
2.720000000000000195e-01
2.720000000000000195e-01
2.720000000000000195e-01
2.720000000000000195e-01
2.716666666666666674e-01
2.716666666666666674e-01
2.716666666666666674e-01
2.716666666666666674e-01
2.716666666666666674e-01
2.716666666666666674e-01
2.716666666666666674e-01
2.716666666666666674e-01
2.716666666666666674e-01
2.716666666666666674e-01
2.716666666666666674e-01
2.716666666666666674e-01
2.713333333333333153e-01
2.713333333333333153e-01
2.713333333333333153e-01
2.713333333333333153e-01
2.713333333333333153e-01
2.713333333333333153e-01
2.713333333333333153e-01
2.713333333333333153e-01
2.713333333333333153e-01
2.713333333333333153e-01
2.713333333333333153e-01
2.713333333333333153e-01
2.713333333333333153e-01
2.713333333333333153e-01
2.713333333333333153e-01
2.713333333333333153e-01
2.713333333333333153e-01
2.713333333333333153e-01
2.713333333333333153e-01
2.713333333333333153e-01
2.713333333333333153e-01
2.713333333333333153e-01
2.713333333333333153e-01
2.713333333333333153e-01
2.713333333333333153e-01
2.713333333333333153e-01
2.713333333333333153e-01
2.713333333333333153e-01
2.713333333333333153e-01
2.713333333333333153e-01
2.713333333333333153e-01
2.713333333333333153e-01
2.713333333333333153e-01
2.713333333333333153e-01
2.713333333333333153e-01
2.713333333333333153e-01
2.713333333333333153e-01
2.713333333333333153e-01
2.710000000000000187e-01
2.710000000000000187e-01
2.710000000000000187e-01
2.710000000000000187e-01
2.710000000000000187e-01
2.710000000000000187e-01
2.710000000000000187e-01
2.710000000000000187e-01
2.710000000000000187e-01
2.710000000000000187e-01
2.710000000000000187e-01
2.710000000000000187e-01
2.710000000000000187e-01
2.710000000000000187e-01
2.710000000000000187e-01
2.710000000000000187e-01
2.710000000000000187e-01
2.710000000000000187e-01
2.710000000000000187e-01
2.710000000000000187e-01
2.710000000000000187e-01
2.710000000000000187e-01
2.710000000000000187e-01
2.710000000000000187e-01
2.710000000000000187e-01
2.710000000000000187e-01
2.710000000000000187e-01
2.710000000000000187e-01
2.710000000000000187e-01
2.710000000000000187e-01
2.706666666666666665e-01
2.706666666666666665e-01
2.706666666666666665e-01
2.706666666666666665e-01
2.706666666666666665e-01
2.706666666666666665e-01
2.706666666666666665e-01
2.706666666666666665e-01
2.706666666666666665e-01
2.706666666666666665e-01
2.706666666666666665e-01
2.706666666666666665e-01
2.706666666666666665e-01
2.706666666666666665e-01
2.706666666666666665e-01
2.706666666666666665e-01
2.706666666666666665e-01
2.703333333333333144e-01
2.703333333333333144e-01
2.703333333333333144e-01
2.703333333333333144e-01
2.703333333333333144e-01
2.703333333333333144e-01
2.703333333333333144e-01
2.703333333333333144e-01
2.703333333333333144e-01
2.703333333333333144e-01
2.703333333333333144e-01
2.703333333333333144e-01
2.703333333333333144e-01
2.703333333333333144e-01
2.703333333333333144e-01
2.703333333333333144e-01
2.703333333333333144e-01
2.703333333333333144e-01
2.703333333333333144e-01
2.703333333333333144e-01
2.703333333333333144e-01
2.703333333333333144e-01
2.703333333333333144e-01
2.703333333333333144e-01
2.703333333333333144e-01
2.703333333333333144e-01
2.703333333333333144e-01
2.703333333333333144e-01
2.703333333333333144e-01
2.703333333333333144e-01
2.703333333333333144e-01
2.703333333333333144e-01
2.703333333333333144e-01
2.703333333333333144e-01
2.703333333333333144e-01
2.703333333333333144e-01
2.703333333333333144e-01
2.703333333333333144e-01
2.703333333333333144e-01
2.703333333333333144e-01
2.703333333333333144e-01
2.703333333333333144e-01
2.703333333333333144e-01
2.703333333333333144e-01
2.703333333333333144e-01
2.703333333333333144e-01
2.703333333333333144e-01
2.703333333333333144e-01
2.703333333333333144e-01
2.703333333333333144e-01
2.703333333333333144e-01
2.703333333333333144e-01
2.703333333333333144e-01
2.703333333333333144e-01
2.703333333333333144e-01
2.703333333333333144e-01
2.703333333333333144e-01
2.703333333333333144e-01
2.703333333333333144e-01
2.703333333333333144e-01
2.703333333333333144e-01
2.703333333333333144e-01
2.703333333333333144e-01
2.703333333333333144e-01
2.703333333333333144e-01
2.703333333333333144e-01
2.703333333333333144e-01
2.703333333333333144e-01
2.703333333333333144e-01
2.703333333333333144e-01
2.703333333333333144e-01
2.703333333333333144e-01
2.703333333333333144e-01
2.703333333333333144e-01
2.703333333333333144e-01
2.703333333333333144e-01
2.703333333333333144e-01
2.703333333333333144e-01
2.703333333333333144e-01
2.703333333333333144e-01
2.703333333333333144e-01
2.703333333333333144e-01
2.700000000000000178e-01
2.700000000000000178e-01
2.700000000000000178e-01
2.700000000000000178e-01
2.700000000000000178e-01
2.700000000000000178e-01
2.700000000000000178e-01
2.700000000000000178e-01
2.700000000000000178e-01
2.700000000000000178e-01
2.700000000000000178e-01
2.700000000000000178e-01
2.700000000000000178e-01
2.700000000000000178e-01
2.700000000000000178e-01
2.700000000000000178e-01
2.700000000000000178e-01
2.700000000000000178e-01
2.700000000000000178e-01
2.700000000000000178e-01
2.700000000000000178e-01
2.700000000000000178e-01
2.700000000000000178e-01
2.696666666666666656e-01
2.696666666666666656e-01
2.696666666666666656e-01
2.696666666666666656e-01
2.696666666666666656e-01
2.696666666666666656e-01
2.696666666666666656e-01
2.696666666666666656e-01
2.696666666666666656e-01
2.696666666666666656e-01
2.696666666666666656e-01
2.696666666666666656e-01
2.696666666666666656e-01
2.696666666666666656e-01
2.696666666666666656e-01
2.696666666666666656e-01
2.696666666666666656e-01
2.696666666666666656e-01
2.696666666666666656e-01
2.696666666666666656e-01
2.696666666666666656e-01
2.696666666666666656e-01
2.696666666666666656e-01
2.696666666666666656e-01
2.696666666666666656e-01
2.696666666666666656e-01
2.696666666666666656e-01
2.696666666666666656e-01
2.696666666666666656e-01
2.696666666666666656e-01
2.696666666666666656e-01
2.696666666666666656e-01
2.696666666666666656e-01
2.696666666666666656e-01
2.696666666666666656e-01
2.696666666666666656e-01
2.696666666666666656e-01
2.696666666666666656e-01
2.696666666666666656e-01
2.696666666666666656e-01
2.696666666666666656e-01
2.696666666666666656e-01
2.696666666666666656e-01
2.696666666666666656e-01
2.696666666666666656e-01
2.696666666666666656e-01
2.696666666666666656e-01
2.696666666666666656e-01
2.696666666666666656e-01
2.696666666666666656e-01
2.696666666666666656e-01
2.696666666666666656e-01
2.696666666666666656e-01
2.696666666666666656e-01
2.696666666666666656e-01
2.693333333333333135e-01
2.693333333333333135e-01
2.693333333333333135e-01
2.693333333333333135e-01
2.693333333333333135e-01
2.693333333333333135e-01
2.693333333333333135e-01
2.693333333333333135e-01
2.693333333333333135e-01
2.693333333333333135e-01
2.693333333333333135e-01
2.693333333333333135e-01
2.693333333333333135e-01
2.693333333333333135e-01
2.690000000000000169e-01
2.690000000000000169e-01
2.690000000000000169e-01
2.690000000000000169e-01
2.690000000000000169e-01
2.690000000000000169e-01
2.690000000000000169e-01
2.690000000000000169e-01
2.690000000000000169e-01
2.686666666666666647e-01
2.686666666666666647e-01
2.686666666666666647e-01
2.686666666666666647e-01
2.686666666666666647e-01
2.686666666666666647e-01
2.686666666666666647e-01
2.686666666666666647e-01
2.683333333333333126e-01
2.683333333333333126e-01
2.683333333333333126e-01
2.683333333333333126e-01
2.683333333333333126e-01
2.683333333333333126e-01
2.683333333333333126e-01
2.683333333333333126e-01
2.683333333333333126e-01
2.683333333333333126e-01
2.683333333333333126e-01
2.683333333333333126e-01
2.683333333333333126e-01
2.683333333333333126e-01
2.683333333333333126e-01
2.683333333333333126e-01
2.683333333333333126e-01
2.683333333333333126e-01
2.683333333333333126e-01
2.683333333333333126e-01
2.683333333333333126e-01
2.683333333333333126e-01
2.683333333333333126e-01
2.683333333333333126e-01
2.683333333333333126e-01
2.683333333333333126e-01
2.683333333333333126e-01
2.683333333333333126e-01
2.683333333333333126e-01
2.683333333333333126e-01
2.680000000000000160e-01
2.680000000000000160e-01
2.680000000000000160e-01
2.680000000000000160e-01
2.680000000000000160e-01
2.680000000000000160e-01
2.680000000000000160e-01
2.680000000000000160e-01
2.680000000000000160e-01
2.680000000000000160e-01
2.680000000000000160e-01
2.680000000000000160e-01
2.680000000000000160e-01
2.680000000000000160e-01
2.680000000000000160e-01
2.680000000000000160e-01
2.680000000000000160e-01
2.680000000000000160e-01
2.680000000000000160e-01
2.680000000000000160e-01
2.680000000000000160e-01
2.680000000000000160e-01
2.680000000000000160e-01
2.680000000000000160e-01
2.680000000000000160e-01
2.680000000000000160e-01
2.680000000000000160e-01
2.680000000000000160e-01
2.680000000000000160e-01
2.680000000000000160e-01
2.680000000000000160e-01
2.680000000000000160e-01
2.680000000000000160e-01
2.680000000000000160e-01
2.680000000000000160e-01
2.680000000000000160e-01
2.680000000000000160e-01
2.680000000000000160e-01
2.680000000000000160e-01
2.676666666666666639e-01
2.676666666666666639e-01
2.676666666666666639e-01
2.676666666666666639e-01
2.676666666666666639e-01
2.676666666666666639e-01
2.676666666666666639e-01
2.676666666666666639e-01
2.676666666666666639e-01
2.676666666666666639e-01
2.676666666666666639e-01
2.676666666666666639e-01
2.673333333333333117e-01
2.673333333333333117e-01
2.673333333333333117e-01
2.673333333333333117e-01
2.673333333333333117e-01
2.673333333333333117e-01
2.673333333333333117e-01
2.673333333333333117e-01
2.673333333333333117e-01
2.673333333333333117e-01
2.673333333333333117e-01
2.673333333333333117e-01
2.673333333333333117e-01
2.673333333333333117e-01
2.673333333333333117e-01
2.670000000000000151e-01
2.670000000000000151e-01
2.670000000000000151e-01
2.670000000000000151e-01
2.670000000000000151e-01
2.670000000000000151e-01
2.670000000000000151e-01
2.670000000000000151e-01
2.670000000000000151e-01
2.670000000000000151e-01
2.670000000000000151e-01
2.670000000000000151e-01
2.670000000000000151e-01
2.670000000000000151e-01
2.670000000000000151e-01
2.670000000000000151e-01
2.670000000000000151e-01
2.670000000000000151e-01
2.670000000000000151e-01
2.670000000000000151e-01
2.670000000000000151e-01
2.670000000000000151e-01
2.670000000000000151e-01
2.670000000000000151e-01
2.670000000000000151e-01
2.670000000000000151e-01
2.670000000000000151e-01
2.670000000000000151e-01
2.670000000000000151e-01
2.670000000000000151e-01
2.670000000000000151e-01
2.670000000000000151e-01
2.670000000000000151e-01
2.670000000000000151e-01
2.670000000000000151e-01
2.670000000000000151e-01
2.670000000000000151e-01
2.666666666666666630e-01
2.666666666666666630e-01
2.666666666666666630e-01
2.666666666666666630e-01
2.666666666666666630e-01
2.666666666666666630e-01
2.666666666666666630e-01
2.666666666666666630e-01
2.666666666666666630e-01
2.666666666666666630e-01
2.666666666666666630e-01
2.666666666666666630e-01
2.666666666666666630e-01
2.666666666666666630e-01
2.666666666666666630e-01
2.666666666666666630e-01
2.666666666666666630e-01
2.666666666666666630e-01
2.666666666666666630e-01
2.666666666666666630e-01
2.663333333333333108e-01
2.663333333333333108e-01
2.663333333333333108e-01
2.663333333333333108e-01
2.663333333333333108e-01
2.663333333333333108e-01
2.663333333333333108e-01
2.663333333333333108e-01
2.663333333333333108e-01
2.663333333333333108e-01
2.663333333333333108e-01
2.663333333333333108e-01
2.663333333333333108e-01
2.663333333333333108e-01
2.663333333333333108e-01
2.660000000000000142e-01
2.660000000000000142e-01
2.660000000000000142e-01
2.660000000000000142e-01
2.660000000000000142e-01
2.660000000000000142e-01
2.660000000000000142e-01
2.660000000000000142e-01
2.660000000000000142e-01
2.660000000000000142e-01
2.660000000000000142e-01
2.660000000000000142e-01
2.660000000000000142e-01
2.660000000000000142e-01
2.660000000000000142e-01
2.660000000000000142e-01
2.660000000000000142e-01
2.660000000000000142e-01
2.660000000000000142e-01
2.660000000000000142e-01
2.660000000000000142e-01
2.660000000000000142e-01
2.660000000000000142e-01
2.660000000000000142e-01
2.660000000000000142e-01
2.660000000000000142e-01
2.660000000000000142e-01
2.660000000000000142e-01
2.660000000000000142e-01
2.660000000000000142e-01
2.660000000000000142e-01
2.660000000000000142e-01
2.660000000000000142e-01
2.660000000000000142e-01
2.660000000000000142e-01
2.660000000000000142e-01
2.660000000000000142e-01
2.660000000000000142e-01
2.660000000000000142e-01
2.660000000000000142e-01
2.660000000000000142e-01
2.660000000000000142e-01
2.660000000000000142e-01
2.660000000000000142e-01
2.660000000000000142e-01
2.660000000000000142e-01
2.660000000000000142e-01
2.660000000000000142e-01
2.660000000000000142e-01
2.660000000000000142e-01
2.660000000000000142e-01
2.660000000000000142e-01
2.660000000000000142e-01
2.660000000000000142e-01
2.660000000000000142e-01
2.660000000000000142e-01
2.660000000000000142e-01
2.660000000000000142e-01
2.660000000000000142e-01
2.660000000000000142e-01
2.660000000000000142e-01
2.660000000000000142e-01
2.660000000000000142e-01
2.660000000000000142e-01
2.660000000000000142e-01
2.660000000000000142e-01
2.660000000000000142e-01
2.660000000000000142e-01
2.660000000000000142e-01
2.660000000000000142e-01
2.660000000000000142e-01
2.660000000000000142e-01
2.660000000000000142e-01
2.660000000000000142e-01
2.660000000000000142e-01
2.660000000000000142e-01
2.660000000000000142e-01
2.660000000000000142e-01
2.660000000000000142e-01
2.660000000000000142e-01
2.660000000000000142e-01
2.660000000000000142e-01
2.660000000000000142e-01
2.660000000000000142e-01
2.660000000000000142e-01
2.660000000000000142e-01
2.660000000000000142e-01
2.660000000000000142e-01
2.660000000000000142e-01
2.660000000000000142e-01
2.660000000000000142e-01
2.660000000000000142e-01
2.660000000000000142e-01
2.660000000000000142e-01
2.660000000000000142e-01
2.660000000000000142e-01
2.660000000000000142e-01
2.660000000000000142e-01
2.656666666666666621e-01
2.656666666666666621e-01
2.656666666666666621e-01
2.656666666666666621e-01
2.656666666666666621e-01
2.656666666666666621e-01
2.656666666666666621e-01
2.656666666666666621e-01
2.656666666666666621e-01
2.656666666666666621e-01
2.656666666666666621e-01
2.656666666666666621e-01
2.656666666666666621e-01
2.656666666666666621e-01
2.656666666666666621e-01
2.656666666666666621e-01
2.656666666666666621e-01
2.656666666666666621e-01
2.656666666666666621e-01
2.656666666666666621e-01
2.656666666666666621e-01
2.656666666666666621e-01
2.656666666666666621e-01
2.656666666666666621e-01
2.656666666666666621e-01
2.656666666666666621e-01
2.656666666666666621e-01
2.656666666666666621e-01
2.656666666666666621e-01
2.656666666666666621e-01
2.656666666666666621e-01
2.656666666666666621e-01
2.656666666666666621e-01
2.656666666666666621e-01
2.656666666666666621e-01
2.656666666666666621e-01
2.656666666666666621e-01
2.656666666666666621e-01
2.656666666666666621e-01
2.656666666666666621e-01
2.656666666666666621e-01
2.656666666666666621e-01
2.656666666666666621e-01
2.656666666666666621e-01
2.656666666666666621e-01
2.656666666666666621e-01
2.656666666666666621e-01
2.656666666666666621e-01
2.656666666666666621e-01
2.656666666666666621e-01
2.656666666666666621e-01
2.656666666666666621e-01
2.656666666666666621e-01
2.656666666666666621e-01
2.656666666666666621e-01
2.656666666666666621e-01
2.656666666666666621e-01
2.656666666666666621e-01
2.656666666666666621e-01
2.656666666666666621e-01
2.656666666666666621e-01
2.656666666666666621e-01
2.656666666666666621e-01
2.656666666666666621e-01
2.656666666666666621e-01
2.656666666666666621e-01
2.656666666666666621e-01
2.656666666666666621e-01
2.656666666666666621e-01
2.656666666666666621e-01
2.656666666666666621e-01
2.656666666666666621e-01
2.656666666666666621e-01
2.656666666666666621e-01
2.656666666666666621e-01
2.656666666666666621e-01
2.656666666666666621e-01
2.656666666666666621e-01
2.656666666666666621e-01
2.656666666666666621e-01
2.656666666666666621e-01
2.656666666666666621e-01
2.656666666666666621e-01
2.656666666666666621e-01
2.653333333333333099e-01
2.653333333333333099e-01
2.653333333333333099e-01
2.653333333333333099e-01
2.653333333333333099e-01
2.653333333333333099e-01
2.653333333333333099e-01
2.653333333333333099e-01
2.653333333333333099e-01
2.653333333333333099e-01
2.653333333333333099e-01
2.653333333333333099e-01
2.653333333333333099e-01
2.653333333333333099e-01
2.653333333333333099e-01
2.653333333333333099e-01
2.653333333333333099e-01
2.653333333333333099e-01
2.653333333333333099e-01
2.653333333333333099e-01
2.653333333333333099e-01
2.653333333333333099e-01
2.653333333333333099e-01
2.653333333333333099e-01
2.653333333333333099e-01
2.653333333333333099e-01
2.653333333333333099e-01
2.653333333333333099e-01
2.653333333333333099e-01
2.653333333333333099e-01
2.653333333333333099e-01
2.653333333333333099e-01
2.653333333333333099e-01
2.653333333333333099e-01
2.653333333333333099e-01
2.653333333333333099e-01
2.653333333333333099e-01
2.653333333333333099e-01
2.653333333333333099e-01
2.653333333333333099e-01
2.653333333333333099e-01
2.653333333333333099e-01
2.653333333333333099e-01
2.653333333333333099e-01
2.653333333333333099e-01
2.653333333333333099e-01
2.653333333333333099e-01
2.653333333333333099e-01
2.653333333333333099e-01
2.653333333333333099e-01
2.653333333333333099e-01
2.653333333333333099e-01
2.653333333333333099e-01
2.653333333333333099e-01
2.653333333333333099e-01
2.653333333333333099e-01
2.653333333333333099e-01
2.650000000000000133e-01
2.650000000000000133e-01
2.650000000000000133e-01
2.650000000000000133e-01
2.650000000000000133e-01
2.650000000000000133e-01
2.650000000000000133e-01
2.650000000000000133e-01
2.650000000000000133e-01
2.650000000000000133e-01
2.650000000000000133e-01
2.650000000000000133e-01
2.650000000000000133e-01
2.650000000000000133e-01
2.650000000000000133e-01
2.650000000000000133e-01
2.650000000000000133e-01
2.650000000000000133e-01
2.650000000000000133e-01
2.650000000000000133e-01
2.650000000000000133e-01
2.650000000000000133e-01
2.650000000000000133e-01
2.650000000000000133e-01
2.650000000000000133e-01
2.650000000000000133e-01
2.650000000000000133e-01
2.650000000000000133e-01
2.650000000000000133e-01
2.650000000000000133e-01
2.650000000000000133e-01
2.650000000000000133e-01
2.650000000000000133e-01
2.650000000000000133e-01
2.650000000000000133e-01
2.650000000000000133e-01
2.650000000000000133e-01
2.650000000000000133e-01
2.650000000000000133e-01
2.650000000000000133e-01
2.650000000000000133e-01
2.650000000000000133e-01
2.650000000000000133e-01
2.650000000000000133e-01
2.650000000000000133e-01
2.650000000000000133e-01
2.650000000000000133e-01
2.650000000000000133e-01
2.650000000000000133e-01
2.650000000000000133e-01
2.650000000000000133e-01
2.650000000000000133e-01
2.650000000000000133e-01
2.650000000000000133e-01
2.650000000000000133e-01
2.650000000000000133e-01
2.650000000000000133e-01
2.650000000000000133e-01
2.650000000000000133e-01
2.650000000000000133e-01
2.650000000000000133e-01
2.650000000000000133e-01
2.650000000000000133e-01
2.650000000000000133e-01
2.650000000000000133e-01
2.650000000000000133e-01
2.650000000000000133e-01
2.650000000000000133e-01
2.650000000000000133e-01
2.650000000000000133e-01
2.650000000000000133e-01
2.650000000000000133e-01
2.650000000000000133e-01
2.650000000000000133e-01
2.650000000000000133e-01
2.650000000000000133e-01
2.650000000000000133e-01
2.650000000000000133e-01
2.650000000000000133e-01
2.650000000000000133e-01
2.650000000000000133e-01
2.650000000000000133e-01
2.650000000000000133e-01
2.650000000000000133e-01
2.650000000000000133e-01
2.650000000000000133e-01
2.650000000000000133e-01
2.650000000000000133e-01
2.650000000000000133e-01
2.650000000000000133e-01
2.650000000000000133e-01
2.650000000000000133e-01
2.650000000000000133e-01
2.650000000000000133e-01
2.650000000000000133e-01
2.650000000000000133e-01
2.650000000000000133e-01
2.650000000000000133e-01
2.650000000000000133e-01
2.650000000000000133e-01
2.650000000000000133e-01
2.650000000000000133e-01
2.650000000000000133e-01
2.650000000000000133e-01
2.650000000000000133e-01
2.650000000000000133e-01
2.650000000000000133e-01
2.650000000000000133e-01
2.650000000000000133e-01
2.650000000000000133e-01
2.650000000000000133e-01
2.650000000000000133e-01
2.650000000000000133e-01
2.650000000000000133e-01
2.650000000000000133e-01
2.650000000000000133e-01
2.650000000000000133e-01
2.650000000000000133e-01
2.650000000000000133e-01
2.650000000000000133e-01
2.650000000000000133e-01
2.650000000000000133e-01
2.650000000000000133e-01
2.650000000000000133e-01
2.650000000000000133e-01
2.650000000000000133e-01
2.650000000000000133e-01
2.650000000000000133e-01
2.650000000000000133e-01
2.650000000000000133e-01
2.650000000000000133e-01
2.650000000000000133e-01
2.650000000000000133e-01
2.650000000000000133e-01
2.650000000000000133e-01
2.650000000000000133e-01
2.650000000000000133e-01
2.650000000000000133e-01
2.650000000000000133e-01
2.650000000000000133e-01
2.650000000000000133e-01
2.650000000000000133e-01
2.650000000000000133e-01
2.650000000000000133e-01
2.650000000000000133e-01
2.650000000000000133e-01
2.650000000000000133e-01
2.650000000000000133e-01
2.650000000000000133e-01
2.650000000000000133e-01
2.650000000000000133e-01
2.650000000000000133e-01
2.650000000000000133e-01
2.650000000000000133e-01
2.650000000000000133e-01
2.650000000000000133e-01
2.650000000000000133e-01
2.650000000000000133e-01
2.650000000000000133e-01
2.650000000000000133e-01
2.650000000000000133e-01
2.650000000000000133e-01
2.650000000000000133e-01
2.650000000000000133e-01
2.650000000000000133e-01
2.650000000000000133e-01
2.650000000000000133e-01
2.650000000000000133e-01
2.646666666666666612e-01
2.646666666666666612e-01
2.646666666666666612e-01
2.646666666666666612e-01
2.646666666666666612e-01
2.646666666666666612e-01
2.646666666666666612e-01
2.646666666666666612e-01
2.646666666666666612e-01
2.646666666666666612e-01
2.646666666666666612e-01
2.646666666666666612e-01
2.646666666666666612e-01
2.646666666666666612e-01
2.646666666666666612e-01
2.646666666666666612e-01
2.646666666666666612e-01
2.646666666666666612e-01
2.646666666666666612e-01
2.646666666666666612e-01
2.646666666666666612e-01
2.646666666666666612e-01
2.646666666666666612e-01
2.646666666666666612e-01
2.646666666666666612e-01
2.646666666666666612e-01
2.646666666666666612e-01
2.646666666666666612e-01
2.646666666666666612e-01
2.646666666666666612e-01
2.646666666666666612e-01
2.646666666666666612e-01
2.646666666666666612e-01
2.646666666666666612e-01
2.646666666666666612e-01
2.646666666666666612e-01
2.646666666666666612e-01
2.646666666666666612e-01
2.646666666666666612e-01
2.646666666666666612e-01
2.646666666666666612e-01
2.646666666666666612e-01
2.646666666666666612e-01
2.646666666666666612e-01
2.646666666666666612e-01
2.646666666666666612e-01
2.646666666666666612e-01
2.646666666666666612e-01
2.646666666666666612e-01
2.646666666666666612e-01
2.646666666666666612e-01
2.646666666666666612e-01
2.646666666666666612e-01
2.646666666666666612e-01
2.646666666666666612e-01
2.646666666666666612e-01
2.646666666666666612e-01
2.646666666666666612e-01
2.646666666666666612e-01
2.646666666666666612e-01
2.646666666666666612e-01
2.646666666666666612e-01
2.646666666666666612e-01
2.646666666666666612e-01
2.646666666666666612e-01
2.646666666666666612e-01
2.646666666666666612e-01
2.646666666666666612e-01
2.646666666666666612e-01
2.646666666666666612e-01
2.646666666666666612e-01
2.646666666666666612e-01
2.646666666666666612e-01
2.646666666666666612e-01
2.646666666666666612e-01
2.646666666666666612e-01
2.646666666666666612e-01
2.646666666666666612e-01
2.646666666666666612e-01
2.646666666666666612e-01
2.646666666666666612e-01
2.646666666666666612e-01
2.646666666666666612e-01
2.646666666666666612e-01
2.646666666666666612e-01
2.646666666666666612e-01
2.646666666666666612e-01
2.646666666666666612e-01
2.646666666666666612e-01
2.646666666666666612e-01
2.646666666666666612e-01
2.646666666666666612e-01
2.646666666666666612e-01
2.646666666666666612e-01
2.646666666666666612e-01
2.646666666666666612e-01
2.646666666666666612e-01
2.646666666666666612e-01
2.646666666666666612e-01
2.646666666666666612e-01
2.646666666666666612e-01
2.646666666666666612e-01
2.646666666666666612e-01
2.646666666666666612e-01
2.646666666666666612e-01
2.646666666666666612e-01
2.646666666666666612e-01
2.646666666666666612e-01
2.646666666666666612e-01
2.646666666666666612e-01
2.646666666666666612e-01
2.646666666666666612e-01
2.646666666666666612e-01
2.646666666666666612e-01
2.646666666666666612e-01
2.646666666666666612e-01
2.646666666666666612e-01
2.646666666666666612e-01
2.646666666666666612e-01
2.646666666666666612e-01
2.646666666666666612e-01
2.646666666666666612e-01
2.646666666666666612e-01
2.646666666666666612e-01
2.646666666666666612e-01
2.646666666666666612e-01
2.646666666666666612e-01
2.646666666666666612e-01
2.646666666666666612e-01
2.646666666666666612e-01
2.646666666666666612e-01
2.646666666666666612e-01
2.646666666666666612e-01
2.646666666666666612e-01
2.646666666666666612e-01
2.646666666666666612e-01
2.646666666666666612e-01
2.646666666666666612e-01
2.646666666666666612e-01
2.646666666666666612e-01
2.646666666666666612e-01
2.646666666666666612e-01
2.646666666666666612e-01
2.646666666666666612e-01
2.646666666666666612e-01
2.646666666666666612e-01
2.646666666666666612e-01
2.646666666666666612e-01
2.646666666666666612e-01
2.646666666666666612e-01
2.646666666666666612e-01
2.646666666666666612e-01
2.646666666666666612e-01
2.646666666666666612e-01
2.646666666666666612e-01
2.646666666666666612e-01
2.646666666666666612e-01
2.646666666666666612e-01
2.646666666666666612e-01
2.646666666666666612e-01
2.646666666666666612e-01
2.646666666666666612e-01
2.646666666666666612e-01
2.646666666666666612e-01
2.646666666666666612e-01
2.646666666666666612e-01
2.646666666666666612e-01
2.646666666666666612e-01
2.646666666666666612e-01
2.646666666666666612e-01
2.646666666666666612e-01
2.646666666666666612e-01
2.646666666666666612e-01
2.646666666666666612e-01
2.646666666666666612e-01
2.646666666666666612e-01
2.646666666666666612e-01
2.646666666666666612e-01
2.646666666666666612e-01
2.646666666666666612e-01
2.646666666666666612e-01
2.646666666666666612e-01
2.646666666666666612e-01
2.646666666666666612e-01
2.646666666666666612e-01
2.646666666666666612e-01
2.646666666666666612e-01
2.646666666666666612e-01
2.646666666666666612e-01
2.646666666666666612e-01
2.646666666666666612e-01
2.646666666666666612e-01
2.646666666666666612e-01
2.646666666666666612e-01
2.646666666666666612e-01
2.646666666666666612e-01
2.646666666666666612e-01
2.646666666666666612e-01
2.646666666666666612e-01
2.646666666666666612e-01
2.646666666666666612e-01
2.646666666666666612e-01
2.646666666666666612e-01
2.646666666666666612e-01
2.646666666666666612e-01
2.646666666666666612e-01
2.646666666666666612e-01
2.646666666666666612e-01
2.646666666666666612e-01
2.646666666666666612e-01
2.646666666666666612e-01
2.646666666666666612e-01
2.646666666666666612e-01
2.646666666666666612e-01
2.646666666666666612e-01
2.646666666666666612e-01
2.646666666666666612e-01
2.646666666666666612e-01
2.646666666666666612e-01
2.646666666666666612e-01
2.646666666666666612e-01
2.646666666666666612e-01
2.646666666666666612e-01
2.646666666666666612e-01
2.646666666666666612e-01
2.646666666666666612e-01
2.646666666666666612e-01
2.646666666666666612e-01
2.646666666666666612e-01
2.646666666666666612e-01
2.646666666666666612e-01
2.646666666666666612e-01
2.646666666666666612e-01
2.646666666666666612e-01
2.646666666666666612e-01
2.646666666666666612e-01
2.646666666666666612e-01
2.646666666666666612e-01
2.646666666666666612e-01
2.646666666666666612e-01
2.646666666666666612e-01
2.646666666666666612e-01
2.646666666666666612e-01
2.646666666666666612e-01
2.646666666666666612e-01
2.646666666666666612e-01
2.646666666666666612e-01
2.646666666666666612e-01
2.646666666666666612e-01
2.646666666666666612e-01
2.646666666666666612e-01
2.646666666666666612e-01
2.646666666666666612e-01
2.646666666666666612e-01
2.646666666666666612e-01
2.646666666666666612e-01
2.646666666666666612e-01
2.646666666666666612e-01
2.646666666666666612e-01
2.646666666666666612e-01
2.646666666666666612e-01
2.646666666666666612e-01
2.646666666666666612e-01
2.646666666666666612e-01
2.646666666666666612e-01
2.646666666666666612e-01
2.646666666666666612e-01
2.646666666666666612e-01
2.646666666666666612e-01
2.646666666666666612e-01
2.646666666666666612e-01
2.643333333333333091e-01
2.643333333333333091e-01
2.643333333333333091e-01
2.643333333333333091e-01
2.643333333333333091e-01
2.643333333333333091e-01
2.643333333333333091e-01
2.643333333333333091e-01
2.643333333333333091e-01
2.643333333333333091e-01
2.643333333333333091e-01
2.643333333333333091e-01
2.643333333333333091e-01
2.643333333333333091e-01
2.643333333333333091e-01
2.643333333333333091e-01
2.643333333333333091e-01
2.643333333333333091e-01
2.643333333333333091e-01
2.643333333333333091e-01
2.643333333333333091e-01
2.643333333333333091e-01
2.643333333333333091e-01
2.643333333333333091e-01
2.643333333333333091e-01
2.643333333333333091e-01
2.643333333333333091e-01
2.643333333333333091e-01
2.643333333333333091e-01
2.643333333333333091e-01
2.643333333333333091e-01
2.643333333333333091e-01
2.643333333333333091e-01
2.643333333333333091e-01
2.643333333333333091e-01
2.643333333333333091e-01
2.643333333333333091e-01
2.643333333333333091e-01
2.643333333333333091e-01
2.643333333333333091e-01
2.643333333333333091e-01
2.643333333333333091e-01
2.643333333333333091e-01
2.643333333333333091e-01
2.643333333333333091e-01
2.643333333333333091e-01
2.643333333333333091e-01
2.643333333333333091e-01
2.643333333333333091e-01
2.643333333333333091e-01
2.643333333333333091e-01
2.643333333333333091e-01
2.643333333333333091e-01
2.643333333333333091e-01
2.643333333333333091e-01
2.643333333333333091e-01
2.643333333333333091e-01
2.643333333333333091e-01
2.643333333333333091e-01
2.643333333333333091e-01
2.643333333333333091e-01
2.643333333333333091e-01
2.643333333333333091e-01
2.643333333333333091e-01
2.643333333333333091e-01
2.643333333333333091e-01
2.643333333333333091e-01
2.643333333333333091e-01
2.643333333333333091e-01
2.643333333333333091e-01
2.643333333333333091e-01
2.643333333333333091e-01
2.643333333333333091e-01
2.643333333333333091e-01
2.643333333333333091e-01
2.643333333333333091e-01
2.643333333333333091e-01
2.643333333333333091e-01
2.643333333333333091e-01
2.643333333333333091e-01
2.643333333333333091e-01
2.643333333333333091e-01
2.643333333333333091e-01
2.643333333333333091e-01
2.643333333333333091e-01
2.643333333333333091e-01
2.643333333333333091e-01
2.643333333333333091e-01
2.643333333333333091e-01
2.643333333333333091e-01
2.643333333333333091e-01
2.643333333333333091e-01
2.643333333333333091e-01
2.643333333333333091e-01
2.643333333333333091e-01
2.643333333333333091e-01
2.643333333333333091e-01
2.643333333333333091e-01
2.643333333333333091e-01
2.643333333333333091e-01
2.643333333333333091e-01
2.643333333333333091e-01
2.643333333333333091e-01
2.643333333333333091e-01
2.643333333333333091e-01
2.643333333333333091e-01
2.643333333333333091e-01
2.643333333333333091e-01
2.643333333333333091e-01
2.643333333333333091e-01
2.643333333333333091e-01
2.643333333333333091e-01
2.643333333333333091e-01
2.643333333333333091e-01
2.643333333333333091e-01
2.643333333333333091e-01
2.643333333333333091e-01
2.643333333333333091e-01
2.643333333333333091e-01
2.643333333333333091e-01
2.643333333333333091e-01
2.643333333333333091e-01
2.643333333333333091e-01
2.643333333333333091e-01
2.640000000000000124e-01
2.640000000000000124e-01
2.640000000000000124e-01
2.640000000000000124e-01
2.640000000000000124e-01
2.640000000000000124e-01
2.640000000000000124e-01
2.640000000000000124e-01
2.640000000000000124e-01
2.640000000000000124e-01
2.640000000000000124e-01
2.640000000000000124e-01
2.640000000000000124e-01
2.640000000000000124e-01
2.640000000000000124e-01
2.640000000000000124e-01
2.640000000000000124e-01
2.640000000000000124e-01
2.640000000000000124e-01
2.640000000000000124e-01
2.640000000000000124e-01
2.640000000000000124e-01
2.640000000000000124e-01
2.640000000000000124e-01
2.640000000000000124e-01
2.640000000000000124e-01
2.640000000000000124e-01
2.640000000000000124e-01
2.640000000000000124e-01
2.640000000000000124e-01
2.640000000000000124e-01
2.640000000000000124e-01
2.640000000000000124e-01
2.640000000000000124e-01
2.640000000000000124e-01
2.640000000000000124e-01
2.640000000000000124e-01
2.640000000000000124e-01
2.640000000000000124e-01
2.640000000000000124e-01
2.640000000000000124e-01
2.640000000000000124e-01
2.640000000000000124e-01
2.640000000000000124e-01
2.640000000000000124e-01
2.640000000000000124e-01
2.640000000000000124e-01
2.640000000000000124e-01
2.640000000000000124e-01
2.640000000000000124e-01
2.640000000000000124e-01
2.640000000000000124e-01
2.640000000000000124e-01
2.640000000000000124e-01
2.640000000000000124e-01
2.640000000000000124e-01
2.640000000000000124e-01
2.640000000000000124e-01
2.640000000000000124e-01
2.640000000000000124e-01
2.640000000000000124e-01
2.640000000000000124e-01
2.640000000000000124e-01
2.640000000000000124e-01
2.640000000000000124e-01
2.636666666666666603e-01
2.636666666666666603e-01
2.636666666666666603e-01
2.636666666666666603e-01
2.636666666666666603e-01
2.636666666666666603e-01
2.636666666666666603e-01
2.636666666666666603e-01
2.636666666666666603e-01
2.636666666666666603e-01
2.636666666666666603e-01
2.636666666666666603e-01
2.636666666666666603e-01
2.636666666666666603e-01
2.636666666666666603e-01
2.636666666666666603e-01
2.636666666666666603e-01
2.636666666666666603e-01
2.636666666666666603e-01
2.636666666666666603e-01
2.636666666666666603e-01
2.636666666666666603e-01
2.636666666666666603e-01
2.636666666666666603e-01
2.636666666666666603e-01
2.636666666666666603e-01
2.636666666666666603e-01
2.636666666666666603e-01
2.636666666666666603e-01
2.636666666666666603e-01
2.636666666666666603e-01
2.636666666666666603e-01
2.636666666666666603e-01
2.636666666666666603e-01
2.636666666666666603e-01
2.636666666666666603e-01
2.636666666666666603e-01
2.636666666666666603e-01
2.636666666666666603e-01
2.636666666666666603e-01
2.636666666666666603e-01
2.636666666666666603e-01
2.636666666666666603e-01
2.636666666666666603e-01
2.636666666666666603e-01
2.636666666666666603e-01
2.636666666666666603e-01
2.636666666666666603e-01
2.636666666666666603e-01
2.636666666666666603e-01
2.636666666666666603e-01
2.636666666666666603e-01
2.636666666666666603e-01
2.636666666666666603e-01
2.636666666666666603e-01
2.636666666666666603e-01
2.636666666666666603e-01
2.636666666666666603e-01
2.636666666666666603e-01
2.636666666666666603e-01
2.636666666666666603e-01
2.636666666666666603e-01
2.636666666666666603e-01
2.636666666666666603e-01
2.636666666666666603e-01
2.636666666666666603e-01
2.636666666666666603e-01
2.636666666666666603e-01
2.636666666666666603e-01
2.636666666666666603e-01
2.636666666666666603e-01
2.636666666666666603e-01
2.636666666666666603e-01
2.636666666666666603e-01
2.636666666666666603e-01
2.636666666666666603e-01
2.636666666666666603e-01
2.636666666666666603e-01
2.636666666666666603e-01
2.636666666666666603e-01
2.636666666666666603e-01
2.636666666666666603e-01
2.636666666666666603e-01
2.636666666666666603e-01
2.636666666666666603e-01
2.636666666666666603e-01
2.636666666666666603e-01
2.636666666666666603e-01
2.636666666666666603e-01
2.636666666666666603e-01
2.636666666666666603e-01
2.636666666666666603e-01
2.636666666666666603e-01
2.636666666666666603e-01
2.636666666666666603e-01
2.636666666666666603e-01
2.636666666666666603e-01
2.636666666666666603e-01
2.636666666666666603e-01
2.636666666666666603e-01
2.636666666666666603e-01
2.636666666666666603e-01
2.636666666666666603e-01
2.636666666666666603e-01
2.636666666666666603e-01
2.636666666666666603e-01
2.636666666666666603e-01
2.636666666666666603e-01
2.636666666666666603e-01
2.636666666666666603e-01
2.636666666666666603e-01
2.636666666666666603e-01
2.636666666666666603e-01
2.636666666666666603e-01
2.636666666666666603e-01
2.636666666666666603e-01
2.636666666666666603e-01
2.636666666666666603e-01
2.636666666666666603e-01
2.636666666666666603e-01
2.636666666666666603e-01
2.636666666666666603e-01
2.636666666666666603e-01
2.636666666666666603e-01
2.636666666666666603e-01
2.636666666666666603e-01
2.636666666666666603e-01
2.636666666666666603e-01
2.636666666666666603e-01
2.636666666666666603e-01
2.636666666666666603e-01
2.636666666666666603e-01
2.636666666666666603e-01
2.636666666666666603e-01
2.636666666666666603e-01
2.636666666666666603e-01
2.636666666666666603e-01
2.636666666666666603e-01
2.636666666666666603e-01
2.636666666666666603e-01
2.636666666666666603e-01
2.636666666666666603e-01
2.636666666666666603e-01
2.636666666666666603e-01
2.636666666666666603e-01
2.636666666666666603e-01
2.636666666666666603e-01
2.636666666666666603e-01
2.636666666666666603e-01
2.636666666666666603e-01
2.636666666666666603e-01
2.636666666666666603e-01
2.636666666666666603e-01
2.636666666666666603e-01
2.636666666666666603e-01
2.636666666666666603e-01
2.636666666666666603e-01
2.636666666666666603e-01
2.636666666666666603e-01
2.636666666666666603e-01
2.636666666666666603e-01
2.636666666666666603e-01
2.636666666666666603e-01
2.636666666666666603e-01
2.636666666666666603e-01
2.636666666666666603e-01
2.636666666666666603e-01
2.636666666666666603e-01
2.636666666666666603e-01
2.636666666666666603e-01
2.636666666666666603e-01
2.636666666666666603e-01
2.636666666666666603e-01
2.636666666666666603e-01
2.636666666666666603e-01
2.636666666666666603e-01
2.636666666666666603e-01
2.636666666666666603e-01
2.636666666666666603e-01
2.636666666666666603e-01
2.636666666666666603e-01
2.636666666666666603e-01
2.636666666666666603e-01
2.636666666666666603e-01
2.636666666666666603e-01
2.636666666666666603e-01
2.636666666666666603e-01
2.636666666666666603e-01
2.636666666666666603e-01
2.636666666666666603e-01
2.636666666666666603e-01
2.636666666666666603e-01
2.636666666666666603e-01
2.636666666666666603e-01
2.636666666666666603e-01
2.636666666666666603e-01
2.636666666666666603e-01
2.636666666666666603e-01
2.636666666666666603e-01
2.636666666666666603e-01
2.636666666666666603e-01
2.636666666666666603e-01
2.636666666666666603e-01
2.636666666666666603e-01
2.636666666666666603e-01
2.636666666666666603e-01
2.636666666666666603e-01
2.636666666666666603e-01
2.636666666666666603e-01
2.636666666666666603e-01
2.636666666666666603e-01
2.636666666666666603e-01
2.636666666666666603e-01
2.636666666666666603e-01
2.636666666666666603e-01
2.636666666666666603e-01
2.636666666666666603e-01
2.636666666666666603e-01
2.636666666666666603e-01
2.636666666666666603e-01
2.636666666666666603e-01
2.636666666666666603e-01
2.636666666666666603e-01
2.636666666666666603e-01
2.636666666666666603e-01
2.636666666666666603e-01
2.636666666666666603e-01
2.636666666666666603e-01
2.636666666666666603e-01
2.636666666666666603e-01
2.636666666666666603e-01
2.636666666666666603e-01
2.636666666666666603e-01
2.636666666666666603e-01
2.636666666666666603e-01
2.636666666666666603e-01
2.636666666666666603e-01
2.636666666666666603e-01
2.636666666666666603e-01
2.636666666666666603e-01
2.636666666666666603e-01
2.636666666666666603e-01
2.636666666666666603e-01
2.636666666666666603e-01
2.636666666666666603e-01
2.636666666666666603e-01
2.636666666666666603e-01
2.636666666666666603e-01
2.636666666666666603e-01
2.636666666666666603e-01
2.636666666666666603e-01
2.636666666666666603e-01
2.636666666666666603e-01
2.636666666666666603e-01
