7.526666666666667060e-01
7.526666666666667060e-01
7.526666666666667060e-01
7.526666666666667060e-01
7.526666666666667060e-01
7.526666666666667060e-01
7.526666666666667060e-01
7.526666666666667060e-01
7.526666666666667060e-01
7.526666666666667060e-01
7.526666666666667060e-01
7.526666666666667060e-01
7.526666666666667060e-01
7.510000000000000009e-01
7.493333333333332957e-01
7.476666666666667016e-01
7.463333333333332931e-01
7.436666666666666980e-01
7.433333333333332904e-01
7.413333333333332886e-01
7.403333333333332877e-01
7.396666666666666945e-01
7.389999999999999902e-01
7.389999999999999902e-01
7.373333333333332851e-01
7.363333333333332842e-01
7.359999999999999876e-01
7.349999999999999867e-01
7.346666666666666901e-01
7.343333333333332824e-01
7.336666666666666892e-01
7.336666666666666892e-01
7.333333333333332815e-01
7.326666666666666883e-01
7.326666666666666883e-01
7.326666666666666883e-01
7.326666666666666883e-01
7.326666666666666883e-01
7.326666666666666883e-01
7.323333333333332806e-01
7.323333333333332806e-01
7.323333333333332806e-01
7.323333333333332806e-01
7.323333333333332806e-01
7.323333333333332806e-01
7.319999999999999840e-01
7.316666666666666874e-01
7.316666666666666874e-01
7.316666666666666874e-01
7.316666666666666874e-01
7.316666666666666874e-01
7.316666666666666874e-01
7.316666666666666874e-01
7.316666666666666874e-01
7.316666666666666874e-01
7.316666666666666874e-01
7.316666666666666874e-01
7.316666666666666874e-01
7.316666666666666874e-01
7.316666666666666874e-01
7.316666666666666874e-01
7.316666666666666874e-01
7.316666666666666874e-01
7.316666666666666874e-01
7.316666666666666874e-01
7.316666666666666874e-01
7.316666666666666874e-01
7.316666666666666874e-01
7.316666666666666874e-01
7.313333333333332797e-01
7.313333333333332797e-01
7.313333333333332797e-01
7.313333333333332797e-01
7.313333333333332797e-01
7.309999999999999831e-01
7.309999999999999831e-01
7.309999999999999831e-01
7.309999999999999831e-01
7.309999999999999831e-01
7.309999999999999831e-01
7.309999999999999831e-01
7.309999999999999831e-01
7.309999999999999831e-01
7.309999999999999831e-01
7.309999999999999831e-01
7.309999999999999831e-01
7.309999999999999831e-01
7.309999999999999831e-01
7.309999999999999831e-01
7.309999999999999831e-01
7.309999999999999831e-01
7.309999999999999831e-01
7.309999999999999831e-01
7.309999999999999831e-01
7.309999999999999831e-01
7.309999999999999831e-01
7.309999999999999831e-01
7.309999999999999831e-01
7.309999999999999831e-01
7.309999999999999831e-01
7.309999999999999831e-01
7.309999999999999831e-01
7.309999999999999831e-01
7.309999999999999831e-01
7.309999999999999831e-01
7.306666666666666865e-01
7.306666666666666865e-01
7.306666666666666865e-01
7.306666666666666865e-01
7.306666666666666865e-01
7.303333333333332789e-01
7.303333333333332789e-01
7.303333333333332789e-01
7.303333333333332789e-01
7.303333333333332789e-01
7.303333333333332789e-01
7.303333333333332789e-01
7.303333333333332789e-01
7.303333333333332789e-01
7.303333333333332789e-01
7.303333333333332789e-01
7.303333333333332789e-01
7.303333333333332789e-01
7.303333333333332789e-01
7.303333333333332789e-01
7.303333333333332789e-01
7.303333333333332789e-01
7.303333333333332789e-01
7.303333333333332789e-01
7.303333333333332789e-01
7.303333333333332789e-01
7.303333333333332789e-01
7.303333333333332789e-01
7.303333333333332789e-01
7.303333333333332789e-01
7.303333333333332789e-01
7.303333333333332789e-01
7.303333333333332789e-01
7.303333333333332789e-01
7.303333333333332789e-01
7.303333333333332789e-01
7.303333333333332789e-01
7.303333333333332789e-01
7.303333333333332789e-01
7.303333333333332789e-01
7.303333333333332789e-01
7.303333333333332789e-01
7.303333333333332789e-01
7.303333333333332789e-01
7.303333333333332789e-01
7.303333333333332789e-01
7.299999999999999822e-01
7.299999999999999822e-01
7.299999999999999822e-01
7.299999999999999822e-01
7.299999999999999822e-01
7.299999999999999822e-01
7.299999999999999822e-01
7.299999999999999822e-01
7.296666666666666856e-01
7.296666666666666856e-01
7.296666666666666856e-01
7.296666666666666856e-01
7.296666666666666856e-01
7.296666666666666856e-01
7.296666666666666856e-01
7.296666666666666856e-01
7.296666666666666856e-01
7.296666666666666856e-01
7.296666666666666856e-01
7.296666666666666856e-01
7.296666666666666856e-01
7.293333333333332780e-01
7.293333333333332780e-01
7.293333333333332780e-01
7.293333333333332780e-01
7.293333333333332780e-01
7.293333333333332780e-01
7.293333333333332780e-01
7.293333333333332780e-01
7.293333333333332780e-01
7.293333333333332780e-01
7.293333333333332780e-01
7.293333333333332780e-01
7.293333333333332780e-01
7.293333333333332780e-01
7.293333333333332780e-01
7.293333333333332780e-01
7.293333333333332780e-01
7.293333333333332780e-01
7.293333333333332780e-01
7.293333333333332780e-01
7.293333333333332780e-01
7.293333333333332780e-01
7.293333333333332780e-01
7.293333333333332780e-01
7.293333333333332780e-01
7.293333333333332780e-01
7.293333333333332780e-01
7.289999999999999813e-01
7.289999999999999813e-01
7.289999999999999813e-01
7.289999999999999813e-01
7.289999999999999813e-01
7.289999999999999813e-01
7.289999999999999813e-01
7.289999999999999813e-01
7.289999999999999813e-01
7.289999999999999813e-01
7.289999999999999813e-01
7.289999999999999813e-01
7.289999999999999813e-01
7.289999999999999813e-01
7.289999999999999813e-01
7.289999999999999813e-01
7.289999999999999813e-01
7.289999999999999813e-01
7.289999999999999813e-01
7.289999999999999813e-01
7.289999999999999813e-01
7.289999999999999813e-01
7.289999999999999813e-01
7.289999999999999813e-01
7.289999999999999813e-01
7.289999999999999813e-01
7.289999999999999813e-01
7.289999999999999813e-01
7.289999999999999813e-01
7.289999999999999813e-01
7.289999999999999813e-01
7.289999999999999813e-01
7.289999999999999813e-01
7.289999999999999813e-01
7.289999999999999813e-01
7.289999999999999813e-01
7.289999999999999813e-01
7.289999999999999813e-01
7.289999999999999813e-01
7.289999999999999813e-01
7.289999999999999813e-01
7.289999999999999813e-01
7.289999999999999813e-01
7.289999999999999813e-01
7.289999999999999813e-01
7.289999999999999813e-01
7.289999999999999813e-01
7.289999999999999813e-01
7.289999999999999813e-01
7.289999999999999813e-01
7.289999999999999813e-01
7.289999999999999813e-01
7.289999999999999813e-01
7.289999999999999813e-01
7.289999999999999813e-01
7.289999999999999813e-01
7.289999999999999813e-01
7.289999999999999813e-01
7.289999999999999813e-01
7.289999999999999813e-01
7.289999999999999813e-01
7.289999999999999813e-01
7.289999999999999813e-01
7.289999999999999813e-01
7.289999999999999813e-01
7.289999999999999813e-01
7.289999999999999813e-01
7.289999999999999813e-01
7.289999999999999813e-01
7.289999999999999813e-01
7.289999999999999813e-01
7.289999999999999813e-01
7.289999999999999813e-01
7.289999999999999813e-01
7.289999999999999813e-01
7.289999999999999813e-01
7.289999999999999813e-01
7.289999999999999813e-01
7.289999999999999813e-01
7.289999999999999813e-01
7.289999999999999813e-01
7.289999999999999813e-01
7.289999999999999813e-01
7.289999999999999813e-01
7.289999999999999813e-01
7.289999999999999813e-01
7.289999999999999813e-01
7.289999999999999813e-01
7.289999999999999813e-01
7.289999999999999813e-01
7.289999999999999813e-01
7.289999999999999813e-01
7.289999999999999813e-01
7.289999999999999813e-01
7.289999999999999813e-01
7.289999999999999813e-01
7.289999999999999813e-01
7.289999999999999813e-01
7.289999999999999813e-01
7.289999999999999813e-01
7.289999999999999813e-01
7.289999999999999813e-01
7.289999999999999813e-01
7.289999999999999813e-01
7.289999999999999813e-01
7.289999999999999813e-01
7.289999999999999813e-01
7.289999999999999813e-01
7.289999999999999813e-01
7.289999999999999813e-01
7.289999999999999813e-01
7.289999999999999813e-01
7.289999999999999813e-01
7.289999999999999813e-01
7.289999999999999813e-01
7.289999999999999813e-01
7.289999999999999813e-01
7.289999999999999813e-01
7.289999999999999813e-01
7.289999999999999813e-01
7.289999999999999813e-01
7.289999999999999813e-01
7.289999999999999813e-01
7.289999999999999813e-01
7.289999999999999813e-01
7.289999999999999813e-01
7.289999999999999813e-01
7.289999999999999813e-01
7.289999999999999813e-01
7.289999999999999813e-01
7.289999999999999813e-01
7.289999999999999813e-01
7.289999999999999813e-01
7.289999999999999813e-01
7.289999999999999813e-01
7.289999999999999813e-01
7.289999999999999813e-01
7.289999999999999813e-01
7.289999999999999813e-01
7.289999999999999813e-01
7.289999999999999813e-01
7.289999999999999813e-01
7.289999999999999813e-01
7.289999999999999813e-01
7.289999999999999813e-01
7.289999999999999813e-01
7.289999999999999813e-01
7.289999999999999813e-01
7.289999999999999813e-01
7.289999999999999813e-01
7.289999999999999813e-01
7.289999999999999813e-01
7.289999999999999813e-01
7.289999999999999813e-01
7.289999999999999813e-01
7.289999999999999813e-01
7.289999999999999813e-01
7.289999999999999813e-01
7.289999999999999813e-01
7.289999999999999813e-01
7.289999999999999813e-01
7.289999999999999813e-01
7.289999999999999813e-01
7.289999999999999813e-01
7.289999999999999813e-01
7.289999999999999813e-01
7.289999999999999813e-01
7.289999999999999813e-01
7.289999999999999813e-01
7.289999999999999813e-01
7.289999999999999813e-01
7.289999999999999813e-01
7.289999999999999813e-01
7.289999999999999813e-01
7.289999999999999813e-01
7.289999999999999813e-01
7.289999999999999813e-01
7.289999999999999813e-01
7.289999999999999813e-01
7.289999999999999813e-01
7.289999999999999813e-01
7.289999999999999813e-01
7.286666666666666847e-01
7.286666666666666847e-01
7.286666666666666847e-01
7.286666666666666847e-01
7.286666666666666847e-01
7.286666666666666847e-01
7.286666666666666847e-01
7.286666666666666847e-01
7.286666666666666847e-01
7.286666666666666847e-01
7.286666666666666847e-01
7.286666666666666847e-01
7.286666666666666847e-01
7.286666666666666847e-01
7.286666666666666847e-01
7.286666666666666847e-01
7.286666666666666847e-01
7.286666666666666847e-01
7.286666666666666847e-01
7.286666666666666847e-01
7.286666666666666847e-01
7.286666666666666847e-01
7.286666666666666847e-01
7.286666666666666847e-01
7.286666666666666847e-01
7.286666666666666847e-01
7.286666666666666847e-01
7.286666666666666847e-01
7.286666666666666847e-01
7.286666666666666847e-01
7.286666666666666847e-01
7.286666666666666847e-01
7.286666666666666847e-01
7.283333333333333881e-01
7.283333333333333881e-01
7.283333333333333881e-01
7.283333333333333881e-01
7.283333333333333881e-01
7.283333333333333881e-01
7.283333333333333881e-01
7.283333333333333881e-01
7.283333333333333881e-01
7.283333333333333881e-01
7.283333333333333881e-01
7.283333333333333881e-01
7.283333333333333881e-01
7.283333333333333881e-01
7.283333333333333881e-01
7.283333333333333881e-01
7.283333333333333881e-01
7.283333333333333881e-01
7.283333333333333881e-01
7.283333333333333881e-01
7.283333333333333881e-01
7.283333333333333881e-01
7.283333333333333881e-01
7.283333333333333881e-01
7.279999999999999805e-01
7.279999999999999805e-01
7.279999999999999805e-01
7.279999999999999805e-01
7.279999999999999805e-01
7.279999999999999805e-01
7.279999999999999805e-01
7.279999999999999805e-01
7.279999999999999805e-01
7.279999999999999805e-01
7.279999999999999805e-01
7.279999999999999805e-01
7.279999999999999805e-01
7.279999999999999805e-01
7.276666666666666838e-01
7.276666666666666838e-01
7.276666666666666838e-01
7.276666666666666838e-01
7.276666666666666838e-01
7.276666666666666838e-01
7.276666666666666838e-01
7.276666666666666838e-01
7.276666666666666838e-01
7.276666666666666838e-01
7.276666666666666838e-01
7.276666666666666838e-01
7.276666666666666838e-01
7.276666666666666838e-01
7.276666666666666838e-01
7.276666666666666838e-01
7.276666666666666838e-01
7.276666666666666838e-01
7.276666666666666838e-01
7.276666666666666838e-01
7.276666666666666838e-01
7.276666666666666838e-01
7.276666666666666838e-01
7.276666666666666838e-01
7.276666666666666838e-01
7.276666666666666838e-01
7.276666666666666838e-01
7.276666666666666838e-01
7.276666666666666838e-01
7.276666666666666838e-01
7.276666666666666838e-01
7.276666666666666838e-01
7.276666666666666838e-01
7.276666666666666838e-01
7.276666666666666838e-01
7.276666666666666838e-01
7.276666666666666838e-01
7.276666666666666838e-01
7.276666666666666838e-01
7.276666666666666838e-01
7.276666666666666838e-01
7.276666666666666838e-01
7.276666666666666838e-01
7.276666666666666838e-01
7.276666666666666838e-01
7.276666666666666838e-01
7.276666666666666838e-01
7.276666666666666838e-01
7.276666666666666838e-01
7.276666666666666838e-01
7.276666666666666838e-01
7.273333333333333872e-01
7.273333333333333872e-01
7.273333333333333872e-01
7.273333333333333872e-01
7.273333333333333872e-01
7.273333333333333872e-01
7.273333333333333872e-01
7.273333333333333872e-01
7.273333333333333872e-01
7.273333333333333872e-01
7.273333333333333872e-01
7.273333333333333872e-01
7.273333333333333872e-01
7.273333333333333872e-01
7.273333333333333872e-01
7.273333333333333872e-01
7.273333333333333872e-01
7.269999999999999796e-01
7.269999999999999796e-01
7.269999999999999796e-01
7.269999999999999796e-01
7.269999999999999796e-01
7.269999999999999796e-01
7.269999999999999796e-01
7.269999999999999796e-01
7.269999999999999796e-01
7.269999999999999796e-01
7.269999999999999796e-01
7.269999999999999796e-01
7.269999999999999796e-01
7.269999999999999796e-01
7.269999999999999796e-01
7.269999999999999796e-01
7.269999999999999796e-01
7.269999999999999796e-01
7.269999999999999796e-01
7.269999999999999796e-01
7.269999999999999796e-01
7.269999999999999796e-01
7.269999999999999796e-01
7.269999999999999796e-01
7.269999999999999796e-01
7.269999999999999796e-01
7.269999999999999796e-01
7.269999999999999796e-01
7.269999999999999796e-01
7.269999999999999796e-01
7.269999999999999796e-01
7.269999999999999796e-01
7.269999999999999796e-01
7.269999999999999796e-01
7.269999999999999796e-01
7.269999999999999796e-01
7.269999999999999796e-01
7.269999999999999796e-01
7.269999999999999796e-01
7.269999999999999796e-01
7.269999999999999796e-01
7.269999999999999796e-01
7.269999999999999796e-01
7.269999999999999796e-01
7.269999999999999796e-01
7.269999999999999796e-01
7.269999999999999796e-01
7.269999999999999796e-01
7.269999999999999796e-01
7.269999999999999796e-01
7.269999999999999796e-01
7.269999999999999796e-01
7.269999999999999796e-01
7.269999999999999796e-01
7.269999999999999796e-01
7.269999999999999796e-01
7.269999999999999796e-01
7.269999999999999796e-01
7.269999999999999796e-01
7.269999999999999796e-01
7.269999999999999796e-01
7.269999999999999796e-01
7.269999999999999796e-01
7.269999999999999796e-01
7.269999999999999796e-01
7.269999999999999796e-01
7.269999999999999796e-01
7.269999999999999796e-01
7.269999999999999796e-01
7.269999999999999796e-01
7.269999999999999796e-01
7.269999999999999796e-01
7.269999999999999796e-01
7.269999999999999796e-01
7.269999999999999796e-01
7.269999999999999796e-01
7.269999999999999796e-01
7.269999999999999796e-01
7.269999999999999796e-01
7.269999999999999796e-01
7.269999999999999796e-01
7.269999999999999796e-01
7.269999999999999796e-01
7.269999999999999796e-01
7.269999999999999796e-01
7.269999999999999796e-01
7.269999999999999796e-01
7.269999999999999796e-01
7.269999999999999796e-01
7.269999999999999796e-01
7.269999999999999796e-01
7.269999999999999796e-01
7.269999999999999796e-01
7.269999999999999796e-01
7.269999999999999796e-01
7.266666666666666829e-01
7.266666666666666829e-01
7.266666666666666829e-01
7.266666666666666829e-01
7.266666666666666829e-01
7.263333333333333863e-01
7.263333333333333863e-01
7.263333333333333863e-01
7.263333333333333863e-01
7.263333333333333863e-01
7.263333333333333863e-01
7.263333333333333863e-01
7.263333333333333863e-01
7.263333333333333863e-01
7.263333333333333863e-01
7.263333333333333863e-01
7.263333333333333863e-01
7.263333333333333863e-01
7.263333333333333863e-01
7.263333333333333863e-01
7.263333333333333863e-01
7.263333333333333863e-01
7.263333333333333863e-01
7.263333333333333863e-01
7.263333333333333863e-01
7.263333333333333863e-01
7.263333333333333863e-01
7.263333333333333863e-01
7.263333333333333863e-01
7.263333333333333863e-01
7.263333333333333863e-01
7.263333333333333863e-01
7.263333333333333863e-01
7.263333333333333863e-01
7.263333333333333863e-01
7.263333333333333863e-01
7.263333333333333863e-01
7.263333333333333863e-01
7.263333333333333863e-01
7.263333333333333863e-01
7.263333333333333863e-01
7.263333333333333863e-01
7.263333333333333863e-01
7.263333333333333863e-01
7.263333333333333863e-01
7.263333333333333863e-01
7.263333333333333863e-01
7.263333333333333863e-01
7.259999999999999787e-01
7.259999999999999787e-01
7.259999999999999787e-01
7.259999999999999787e-01
7.259999999999999787e-01
7.259999999999999787e-01
7.259999999999999787e-01
7.259999999999999787e-01
7.259999999999999787e-01
7.259999999999999787e-01
7.259999999999999787e-01
7.259999999999999787e-01
7.259999999999999787e-01
7.259999999999999787e-01
7.259999999999999787e-01
7.259999999999999787e-01
7.259999999999999787e-01
7.259999999999999787e-01
7.259999999999999787e-01
7.259999999999999787e-01
7.259999999999999787e-01
7.259999999999999787e-01
7.259999999999999787e-01
7.259999999999999787e-01
7.259999999999999787e-01
7.259999999999999787e-01
7.259999999999999787e-01
7.259999999999999787e-01
7.259999999999999787e-01
7.259999999999999787e-01
7.259999999999999787e-01
7.259999999999999787e-01
7.259999999999999787e-01
7.259999999999999787e-01
7.259999999999999787e-01
7.259999999999999787e-01
7.259999999999999787e-01
7.259999999999999787e-01
7.259999999999999787e-01
7.259999999999999787e-01
7.259999999999999787e-01
7.259999999999999787e-01
7.259999999999999787e-01
7.259999999999999787e-01
7.259999999999999787e-01
7.259999999999999787e-01
7.259999999999999787e-01
7.259999999999999787e-01
7.259999999999999787e-01
7.259999999999999787e-01
7.259999999999999787e-01
7.259999999999999787e-01
7.259999999999999787e-01
7.259999999999999787e-01
7.259999999999999787e-01
7.259999999999999787e-01
7.259999999999999787e-01
7.259999999999999787e-01
7.259999999999999787e-01
7.259999999999999787e-01
7.259999999999999787e-01
7.259999999999999787e-01
7.259999999999999787e-01
7.259999999999999787e-01
7.259999999999999787e-01
7.259999999999999787e-01
7.259999999999999787e-01
7.259999999999999787e-01
7.259999999999999787e-01
7.259999999999999787e-01
7.259999999999999787e-01
7.259999999999999787e-01
7.259999999999999787e-01
7.256666666666666821e-01
7.256666666666666821e-01
7.256666666666666821e-01
7.256666666666666821e-01
7.256666666666666821e-01
7.256666666666666821e-01
7.256666666666666821e-01
7.256666666666666821e-01
7.256666666666666821e-01
7.256666666666666821e-01
7.256666666666666821e-01
7.256666666666666821e-01
7.256666666666666821e-01
7.256666666666666821e-01
7.256666666666666821e-01
7.256666666666666821e-01
7.256666666666666821e-01
7.256666666666666821e-01
7.256666666666666821e-01
7.256666666666666821e-01
7.256666666666666821e-01
7.256666666666666821e-01
7.256666666666666821e-01
7.256666666666666821e-01
7.256666666666666821e-01
7.256666666666666821e-01
7.256666666666666821e-01
7.256666666666666821e-01
7.256666666666666821e-01
7.256666666666666821e-01
7.256666666666666821e-01
7.256666666666666821e-01
7.256666666666666821e-01
7.256666666666666821e-01
7.256666666666666821e-01
7.256666666666666821e-01
7.256666666666666821e-01
7.256666666666666821e-01
7.256666666666666821e-01
7.256666666666666821e-01
7.256666666666666821e-01
7.256666666666666821e-01
7.256666666666666821e-01
7.256666666666666821e-01
7.256666666666666821e-01
7.256666666666666821e-01
7.256666666666666821e-01
7.256666666666666821e-01
7.253333333333333854e-01
7.253333333333333854e-01
7.253333333333333854e-01
7.253333333333333854e-01
7.253333333333333854e-01
7.253333333333333854e-01
7.253333333333333854e-01
7.253333333333333854e-01
7.253333333333333854e-01
7.253333333333333854e-01
7.253333333333333854e-01
7.253333333333333854e-01
7.253333333333333854e-01
7.253333333333333854e-01
7.253333333333333854e-01
7.253333333333333854e-01
7.253333333333333854e-01
7.253333333333333854e-01
7.253333333333333854e-01
7.253333333333333854e-01
7.253333333333333854e-01
7.253333333333333854e-01
7.253333333333333854e-01
7.253333333333333854e-01
7.253333333333333854e-01
7.253333333333333854e-01
7.253333333333333854e-01
7.253333333333333854e-01
7.253333333333333854e-01
7.253333333333333854e-01
7.253333333333333854e-01
7.253333333333333854e-01
7.253333333333333854e-01
7.253333333333333854e-01
7.249999999999999778e-01
7.249999999999999778e-01
7.249999999999999778e-01
7.249999999999999778e-01
7.249999999999999778e-01
7.249999999999999778e-01
7.249999999999999778e-01
7.249999999999999778e-01
7.249999999999999778e-01
7.249999999999999778e-01
7.249999999999999778e-01
7.249999999999999778e-01
7.249999999999999778e-01
7.249999999999999778e-01
7.249999999999999778e-01
7.249999999999999778e-01
7.249999999999999778e-01
7.246666666666666812e-01
7.246666666666666812e-01
7.246666666666666812e-01
7.246666666666666812e-01
7.246666666666666812e-01
7.246666666666666812e-01
7.246666666666666812e-01
7.246666666666666812e-01
7.246666666666666812e-01
7.246666666666666812e-01
7.246666666666666812e-01
7.246666666666666812e-01
7.246666666666666812e-01
7.246666666666666812e-01
7.246666666666666812e-01
7.243333333333333846e-01
7.243333333333333846e-01
7.243333333333333846e-01
7.243333333333333846e-01
7.243333333333333846e-01
7.243333333333333846e-01
7.243333333333333846e-01
7.243333333333333846e-01
7.243333333333333846e-01
7.243333333333333846e-01
7.243333333333333846e-01
7.243333333333333846e-01
7.243333333333333846e-01
7.243333333333333846e-01
7.243333333333333846e-01
7.243333333333333846e-01
7.243333333333333846e-01
7.243333333333333846e-01
7.243333333333333846e-01
7.243333333333333846e-01
7.243333333333333846e-01
7.243333333333333846e-01
7.243333333333333846e-01
7.243333333333333846e-01
7.243333333333333846e-01
7.243333333333333846e-01
7.243333333333333846e-01
7.243333333333333846e-01
7.243333333333333846e-01
7.243333333333333846e-01
7.243333333333333846e-01
7.243333333333333846e-01
7.243333333333333846e-01
7.243333333333333846e-01
7.243333333333333846e-01
7.243333333333333846e-01
7.243333333333333846e-01
7.243333333333333846e-01
7.243333333333333846e-01
7.243333333333333846e-01
7.243333333333333846e-01
7.243333333333333846e-01
7.243333333333333846e-01
7.243333333333333846e-01
7.243333333333333846e-01
7.243333333333333846e-01
7.243333333333333846e-01
7.243333333333333846e-01
7.243333333333333846e-01
7.243333333333333846e-01
7.243333333333333846e-01
7.243333333333333846e-01
7.243333333333333846e-01
7.243333333333333846e-01
7.243333333333333846e-01
7.243333333333333846e-01
7.243333333333333846e-01
7.243333333333333846e-01
7.243333333333333846e-01
7.243333333333333846e-01
7.243333333333333846e-01
7.243333333333333846e-01
7.243333333333333846e-01
7.243333333333333846e-01
7.243333333333333846e-01
7.243333333333333846e-01
7.243333333333333846e-01
7.243333333333333846e-01
7.243333333333333846e-01
7.243333333333333846e-01
7.243333333333333846e-01
7.243333333333333846e-01
7.243333333333333846e-01
7.243333333333333846e-01
7.243333333333333846e-01
7.243333333333333846e-01
7.243333333333333846e-01
7.243333333333333846e-01
7.243333333333333846e-01
7.243333333333333846e-01
7.243333333333333846e-01
7.243333333333333846e-01
7.243333333333333846e-01
7.243333333333333846e-01
7.243333333333333846e-01
7.243333333333333846e-01
7.243333333333333846e-01
7.243333333333333846e-01
7.243333333333333846e-01
7.243333333333333846e-01
7.243333333333333846e-01
7.243333333333333846e-01
7.243333333333333846e-01
7.243333333333333846e-01
7.243333333333333846e-01
7.243333333333333846e-01
7.243333333333333846e-01
7.243333333333333846e-01
7.243333333333333846e-01
7.243333333333333846e-01
7.243333333333333846e-01
7.243333333333333846e-01
7.243333333333333846e-01
7.243333333333333846e-01
7.243333333333333846e-01
7.243333333333333846e-01
7.243333333333333846e-01
7.243333333333333846e-01
7.243333333333333846e-01
7.243333333333333846e-01
7.243333333333333846e-01
7.243333333333333846e-01
7.243333333333333846e-01
7.243333333333333846e-01
7.243333333333333846e-01
7.243333333333333846e-01
7.243333333333333846e-01
7.243333333333333846e-01
7.243333333333333846e-01
7.243333333333333846e-01
7.243333333333333846e-01
7.243333333333333846e-01
7.243333333333333846e-01
7.243333333333333846e-01
7.243333333333333846e-01
7.243333333333333846e-01
7.239999999999999769e-01
7.239999999999999769e-01
7.239999999999999769e-01
7.239999999999999769e-01
7.239999999999999769e-01
7.239999999999999769e-01
7.239999999999999769e-01
7.239999999999999769e-01
7.239999999999999769e-01
7.239999999999999769e-01
7.239999999999999769e-01
7.239999999999999769e-01
7.239999999999999769e-01
7.236666666666666803e-01
7.236666666666666803e-01
7.236666666666666803e-01
7.236666666666666803e-01
7.236666666666666803e-01
7.236666666666666803e-01
7.236666666666666803e-01
7.236666666666666803e-01
7.236666666666666803e-01
7.236666666666666803e-01
7.236666666666666803e-01
7.236666666666666803e-01
7.236666666666666803e-01
7.236666666666666803e-01
7.236666666666666803e-01
7.236666666666666803e-01
7.236666666666666803e-01
7.236666666666666803e-01
7.236666666666666803e-01
7.236666666666666803e-01
7.236666666666666803e-01
7.236666666666666803e-01
7.236666666666666803e-01
7.236666666666666803e-01
7.236666666666666803e-01
7.236666666666666803e-01
7.236666666666666803e-01
7.236666666666666803e-01
7.236666666666666803e-01
7.236666666666666803e-01
7.236666666666666803e-01
7.236666666666666803e-01
7.236666666666666803e-01
7.236666666666666803e-01
7.233333333333333837e-01
7.233333333333333837e-01
7.233333333333333837e-01
7.233333333333333837e-01
7.233333333333333837e-01
7.233333333333333837e-01
7.233333333333333837e-01
7.233333333333333837e-01
7.233333333333333837e-01
7.233333333333333837e-01
7.233333333333333837e-01
7.233333333333333837e-01
7.233333333333333837e-01
7.233333333333333837e-01
7.233333333333333837e-01
7.233333333333333837e-01
7.233333333333333837e-01
7.233333333333333837e-01
7.233333333333333837e-01
7.233333333333333837e-01
7.233333333333333837e-01
7.233333333333333837e-01
7.233333333333333837e-01
7.233333333333333837e-01
7.233333333333333837e-01
7.233333333333333837e-01
7.233333333333333837e-01
7.229999999999999760e-01
7.229999999999999760e-01
7.229999999999999760e-01
7.229999999999999760e-01
7.229999999999999760e-01
7.229999999999999760e-01
7.229999999999999760e-01
7.229999999999999760e-01
7.229999999999999760e-01
7.229999999999999760e-01
7.229999999999999760e-01
7.229999999999999760e-01
7.229999999999999760e-01
7.229999999999999760e-01
7.229999999999999760e-01
7.229999999999999760e-01
7.229999999999999760e-01
7.229999999999999760e-01
7.229999999999999760e-01
7.229999999999999760e-01
7.229999999999999760e-01
7.229999999999999760e-01
7.229999999999999760e-01
7.229999999999999760e-01
7.229999999999999760e-01
7.229999999999999760e-01
7.229999999999999760e-01
7.229999999999999760e-01
7.229999999999999760e-01
7.229999999999999760e-01
7.229999999999999760e-01
7.229999999999999760e-01
7.229999999999999760e-01
7.229999999999999760e-01
7.229999999999999760e-01
7.229999999999999760e-01
7.229999999999999760e-01
7.229999999999999760e-01
7.229999999999999760e-01
7.229999999999999760e-01
7.229999999999999760e-01
7.229999999999999760e-01
7.229999999999999760e-01
7.229999999999999760e-01
7.229999999999999760e-01
7.229999999999999760e-01
7.229999999999999760e-01
7.229999999999999760e-01
7.229999999999999760e-01
7.229999999999999760e-01
7.229999999999999760e-01
7.229999999999999760e-01
7.229999999999999760e-01
7.229999999999999760e-01
7.229999999999999760e-01
7.229999999999999760e-01
7.229999999999999760e-01
7.229999999999999760e-01
7.229999999999999760e-01
7.229999999999999760e-01
7.229999999999999760e-01
7.229999999999999760e-01
7.229999999999999760e-01
7.229999999999999760e-01
7.229999999999999760e-01
7.229999999999999760e-01
7.229999999999999760e-01
7.229999999999999760e-01
7.229999999999999760e-01
7.229999999999999760e-01
7.229999999999999760e-01
7.229999999999999760e-01
7.229999999999999760e-01
7.229999999999999760e-01
7.229999999999999760e-01
7.229999999999999760e-01
7.229999999999999760e-01
7.229999999999999760e-01
7.229999999999999760e-01
7.229999999999999760e-01
7.229999999999999760e-01
7.229999999999999760e-01
7.229999999999999760e-01
7.229999999999999760e-01
7.229999999999999760e-01
7.229999999999999760e-01
7.229999999999999760e-01
7.229999999999999760e-01
7.229999999999999760e-01
7.229999999999999760e-01
7.229999999999999760e-01
7.229999999999999760e-01
7.229999999999999760e-01
7.226666666666666794e-01
7.226666666666666794e-01
7.226666666666666794e-01
7.226666666666666794e-01
7.226666666666666794e-01
7.226666666666666794e-01
7.226666666666666794e-01
7.226666666666666794e-01
7.226666666666666794e-01
7.226666666666666794e-01
7.226666666666666794e-01
7.226666666666666794e-01
7.226666666666666794e-01
7.226666666666666794e-01
7.226666666666666794e-01
7.226666666666666794e-01
7.226666666666666794e-01
7.223333333333333828e-01
7.223333333333333828e-01
7.223333333333333828e-01
7.223333333333333828e-01
7.223333333333333828e-01
7.223333333333333828e-01
7.223333333333333828e-01
7.223333333333333828e-01
7.223333333333333828e-01
7.223333333333333828e-01
7.223333333333333828e-01
7.223333333333333828e-01
7.223333333333333828e-01
7.223333333333333828e-01
7.223333333333333828e-01
7.223333333333333828e-01
7.223333333333333828e-01
7.219999999999999751e-01
7.219999999999999751e-01
7.219999999999999751e-01
7.219999999999999751e-01
7.219999999999999751e-01
7.219999999999999751e-01
7.219999999999999751e-01
7.219999999999999751e-01
7.219999999999999751e-01
7.219999999999999751e-01
7.216666666666666785e-01
7.216666666666666785e-01
7.216666666666666785e-01
7.216666666666666785e-01
7.216666666666666785e-01
7.216666666666666785e-01
7.216666666666666785e-01
7.216666666666666785e-01
7.216666666666666785e-01
7.216666666666666785e-01
7.216666666666666785e-01
7.216666666666666785e-01
7.216666666666666785e-01
7.216666666666666785e-01
7.216666666666666785e-01
7.216666666666666785e-01
7.216666666666666785e-01
7.216666666666666785e-01
7.216666666666666785e-01
7.216666666666666785e-01
7.216666666666666785e-01
7.216666666666666785e-01
7.216666666666666785e-01
7.216666666666666785e-01
7.216666666666666785e-01
7.216666666666666785e-01
7.216666666666666785e-01
7.216666666666666785e-01
7.216666666666666785e-01
7.216666666666666785e-01
7.216666666666666785e-01
7.216666666666666785e-01
7.216666666666666785e-01
7.216666666666666785e-01
7.216666666666666785e-01
7.216666666666666785e-01
7.216666666666666785e-01
7.216666666666666785e-01
7.216666666666666785e-01
7.216666666666666785e-01
7.216666666666666785e-01
7.216666666666666785e-01
7.216666666666666785e-01
7.216666666666666785e-01
7.216666666666666785e-01
7.216666666666666785e-01
7.216666666666666785e-01
7.216666666666666785e-01
7.216666666666666785e-01
7.216666666666666785e-01
7.216666666666666785e-01
7.216666666666666785e-01
7.216666666666666785e-01
7.216666666666666785e-01
7.216666666666666785e-01
7.216666666666666785e-01
7.216666666666666785e-01
7.216666666666666785e-01
7.216666666666666785e-01
7.216666666666666785e-01
7.216666666666666785e-01
7.216666666666666785e-01
7.216666666666666785e-01
7.216666666666666785e-01
7.216666666666666785e-01
7.216666666666666785e-01
7.216666666666666785e-01
7.216666666666666785e-01
7.216666666666666785e-01
7.216666666666666785e-01
7.216666666666666785e-01
7.216666666666666785e-01
7.216666666666666785e-01
7.216666666666666785e-01
7.213333333333333819e-01
7.213333333333333819e-01
7.213333333333333819e-01
7.213333333333333819e-01
7.213333333333333819e-01
7.213333333333333819e-01
7.213333333333333819e-01
7.213333333333333819e-01
7.213333333333333819e-01
7.213333333333333819e-01
7.213333333333333819e-01
7.213333333333333819e-01
7.213333333333333819e-01
7.213333333333333819e-01
7.213333333333333819e-01
7.213333333333333819e-01
7.213333333333333819e-01
7.213333333333333819e-01
7.213333333333333819e-01
7.213333333333333819e-01
7.213333333333333819e-01
7.213333333333333819e-01
7.213333333333333819e-01
7.209999999999999742e-01
7.209999999999999742e-01
7.209999999999999742e-01
7.209999999999999742e-01
7.209999999999999742e-01
7.209999999999999742e-01
7.209999999999999742e-01
7.209999999999999742e-01
7.209999999999999742e-01
7.209999999999999742e-01
7.209999999999999742e-01
7.209999999999999742e-01
7.209999999999999742e-01
7.209999999999999742e-01
7.209999999999999742e-01
7.209999999999999742e-01
7.209999999999999742e-01
7.209999999999999742e-01
7.209999999999999742e-01
7.209999999999999742e-01
7.209999999999999742e-01
7.209999999999999742e-01
7.209999999999999742e-01
7.209999999999999742e-01
7.209999999999999742e-01
7.209999999999999742e-01
7.209999999999999742e-01
7.209999999999999742e-01
7.209999999999999742e-01
7.209999999999999742e-01
7.209999999999999742e-01
7.209999999999999742e-01
7.209999999999999742e-01
7.209999999999999742e-01
7.206666666666666776e-01
7.206666666666666776e-01
7.206666666666666776e-01
7.206666666666666776e-01
7.206666666666666776e-01
7.206666666666666776e-01
7.206666666666666776e-01
7.206666666666666776e-01
7.206666666666666776e-01
7.206666666666666776e-01
7.206666666666666776e-01
7.206666666666666776e-01
7.206666666666666776e-01
7.206666666666666776e-01
7.206666666666666776e-01
7.206666666666666776e-01
7.206666666666666776e-01
7.206666666666666776e-01
7.206666666666666776e-01
7.206666666666666776e-01
7.206666666666666776e-01
7.206666666666666776e-01
7.206666666666666776e-01
7.206666666666666776e-01
7.206666666666666776e-01
7.206666666666666776e-01
7.206666666666666776e-01
7.206666666666666776e-01
7.206666666666666776e-01
7.206666666666666776e-01
7.206666666666666776e-01
7.206666666666666776e-01
7.206666666666666776e-01
7.206666666666666776e-01
7.206666666666666776e-01
7.206666666666666776e-01
7.206666666666666776e-01
7.206666666666666776e-01
7.206666666666666776e-01
7.206666666666666776e-01
7.206666666666666776e-01
7.206666666666666776e-01
7.206666666666666776e-01
7.206666666666666776e-01
7.206666666666666776e-01
7.206666666666666776e-01
7.206666666666666776e-01
7.206666666666666776e-01
7.206666666666666776e-01
7.206666666666666776e-01
7.206666666666666776e-01
7.206666666666666776e-01
7.206666666666666776e-01
7.206666666666666776e-01
7.206666666666666776e-01
7.206666666666666776e-01
7.206666666666666776e-01
7.206666666666666776e-01
7.206666666666666776e-01
7.206666666666666776e-01
7.206666666666666776e-01
7.206666666666666776e-01
7.206666666666666776e-01
7.206666666666666776e-01
7.206666666666666776e-01
7.206666666666666776e-01
7.206666666666666776e-01
7.203333333333333810e-01
7.203333333333333810e-01
7.203333333333333810e-01
7.203333333333333810e-01
7.203333333333333810e-01
7.203333333333333810e-01
7.203333333333333810e-01
7.203333333333333810e-01
7.203333333333333810e-01
7.203333333333333810e-01
7.203333333333333810e-01
7.203333333333333810e-01
7.203333333333333810e-01
7.203333333333333810e-01
7.203333333333333810e-01
7.203333333333333810e-01
7.203333333333333810e-01
7.203333333333333810e-01
7.203333333333333810e-01
7.203333333333333810e-01
7.203333333333333810e-01
7.203333333333333810e-01
7.203333333333333810e-01
7.203333333333333810e-01
7.203333333333333810e-01
7.203333333333333810e-01
7.203333333333333810e-01
7.203333333333333810e-01
7.203333333333333810e-01
7.203333333333333810e-01
7.203333333333333810e-01
7.203333333333333810e-01
7.203333333333333810e-01
7.203333333333333810e-01
7.203333333333333810e-01
7.203333333333333810e-01
7.203333333333333810e-01
7.203333333333333810e-01
7.203333333333333810e-01
7.203333333333333810e-01
7.203333333333333810e-01
7.203333333333333810e-01
7.203333333333333810e-01
7.203333333333333810e-01
7.203333333333333810e-01
7.203333333333333810e-01
7.203333333333333810e-01
7.203333333333333810e-01
7.203333333333333810e-01
7.203333333333333810e-01
7.203333333333333810e-01
7.203333333333333810e-01
7.203333333333333810e-01
7.203333333333333810e-01
7.203333333333333810e-01
7.203333333333333810e-01
7.203333333333333810e-01
7.203333333333333810e-01
7.203333333333333810e-01
7.203333333333333810e-01
7.203333333333333810e-01
7.203333333333333810e-01
7.203333333333333810e-01
7.203333333333333810e-01
7.203333333333333810e-01
7.203333333333333810e-01
7.203333333333333810e-01
7.203333333333333810e-01
7.203333333333333810e-01
7.203333333333333810e-01
7.203333333333333810e-01
7.203333333333333810e-01
7.203333333333333810e-01
7.203333333333333810e-01
7.199999999999999734e-01
7.199999999999999734e-01
7.199999999999999734e-01
7.199999999999999734e-01
7.199999999999999734e-01
7.199999999999999734e-01
7.199999999999999734e-01
7.199999999999999734e-01
7.199999999999999734e-01
7.199999999999999734e-01
7.199999999999999734e-01
7.199999999999999734e-01
7.199999999999999734e-01
7.199999999999999734e-01
7.199999999999999734e-01
7.199999999999999734e-01
7.199999999999999734e-01
7.199999999999999734e-01
7.196666666666666767e-01
7.196666666666666767e-01
7.196666666666666767e-01
7.196666666666666767e-01
7.196666666666666767e-01
7.196666666666666767e-01
7.196666666666666767e-01
7.196666666666666767e-01
7.196666666666666767e-01
7.196666666666666767e-01
7.196666666666666767e-01
7.196666666666666767e-01
7.196666666666666767e-01
7.196666666666666767e-01
7.196666666666666767e-01
7.196666666666666767e-01
7.196666666666666767e-01
7.196666666666666767e-01
7.196666666666666767e-01
7.196666666666666767e-01
7.196666666666666767e-01
7.196666666666666767e-01
7.196666666666666767e-01
7.196666666666666767e-01
7.196666666666666767e-01
7.196666666666666767e-01
7.196666666666666767e-01
7.196666666666666767e-01
7.196666666666666767e-01
7.196666666666666767e-01
7.196666666666666767e-01
7.196666666666666767e-01
7.196666666666666767e-01
7.196666666666666767e-01
7.196666666666666767e-01
7.196666666666666767e-01
7.196666666666666767e-01
7.196666666666666767e-01
7.196666666666666767e-01
7.196666666666666767e-01
7.196666666666666767e-01
7.196666666666666767e-01
7.196666666666666767e-01
7.196666666666666767e-01
7.196666666666666767e-01
7.196666666666666767e-01
7.196666666666666767e-01
7.196666666666666767e-01
7.196666666666666767e-01
7.196666666666666767e-01
7.196666666666666767e-01
7.196666666666666767e-01
7.196666666666666767e-01
7.196666666666666767e-01
7.196666666666666767e-01
7.196666666666666767e-01
7.196666666666666767e-01
7.196666666666666767e-01
7.196666666666666767e-01
7.196666666666666767e-01
7.196666666666666767e-01
7.196666666666666767e-01
7.196666666666666767e-01
7.196666666666666767e-01
7.196666666666666767e-01
7.196666666666666767e-01
7.196666666666666767e-01
7.196666666666666767e-01
7.196666666666666767e-01
7.196666666666666767e-01
7.196666666666666767e-01
7.196666666666666767e-01
7.196666666666666767e-01
7.196666666666666767e-01
7.196666666666666767e-01
7.196666666666666767e-01
7.196666666666666767e-01
7.196666666666666767e-01
7.196666666666666767e-01
7.196666666666666767e-01
7.196666666666666767e-01
7.196666666666666767e-01
7.196666666666666767e-01
7.196666666666666767e-01
7.196666666666666767e-01
7.196666666666666767e-01
7.196666666666666767e-01
7.196666666666666767e-01
7.196666666666666767e-01
7.196666666666666767e-01
7.196666666666666767e-01
7.196666666666666767e-01
7.196666666666666767e-01
7.196666666666666767e-01
7.196666666666666767e-01
7.196666666666666767e-01
7.196666666666666767e-01
7.196666666666666767e-01
7.196666666666666767e-01
7.196666666666666767e-01
7.196666666666666767e-01
7.196666666666666767e-01
7.196666666666666767e-01
7.196666666666666767e-01
7.196666666666666767e-01
7.196666666666666767e-01
7.196666666666666767e-01
7.196666666666666767e-01
7.196666666666666767e-01
7.196666666666666767e-01
7.196666666666666767e-01
7.196666666666666767e-01
7.196666666666666767e-01
7.196666666666666767e-01
7.196666666666666767e-01
7.196666666666666767e-01
7.196666666666666767e-01
7.196666666666666767e-01
7.196666666666666767e-01
7.196666666666666767e-01
7.196666666666666767e-01
7.196666666666666767e-01
7.196666666666666767e-01
7.196666666666666767e-01
7.196666666666666767e-01
7.196666666666666767e-01
7.196666666666666767e-01
7.196666666666666767e-01
7.196666666666666767e-01
7.196666666666666767e-01
7.196666666666666767e-01
7.196666666666666767e-01
7.196666666666666767e-01
7.196666666666666767e-01
7.196666666666666767e-01
7.196666666666666767e-01
7.196666666666666767e-01
7.196666666666666767e-01
7.196666666666666767e-01
7.196666666666666767e-01
7.196666666666666767e-01
7.196666666666666767e-01
7.196666666666666767e-01
7.193333333333333801e-01
7.193333333333333801e-01
7.193333333333333801e-01
7.193333333333333801e-01
7.193333333333333801e-01
7.193333333333333801e-01
7.193333333333333801e-01
7.193333333333333801e-01
7.193333333333333801e-01
7.193333333333333801e-01
7.193333333333333801e-01
7.193333333333333801e-01
7.193333333333333801e-01
7.193333333333333801e-01
7.193333333333333801e-01
7.193333333333333801e-01
7.193333333333333801e-01
7.193333333333333801e-01
7.193333333333333801e-01
7.193333333333333801e-01
7.193333333333333801e-01
7.193333333333333801e-01
7.193333333333333801e-01
7.193333333333333801e-01
7.193333333333333801e-01
7.193333333333333801e-01
7.193333333333333801e-01
7.193333333333333801e-01
7.193333333333333801e-01
7.193333333333333801e-01
7.193333333333333801e-01
7.193333333333333801e-01
7.193333333333333801e-01
7.193333333333333801e-01
7.193333333333333801e-01
7.193333333333333801e-01
7.193333333333333801e-01
7.193333333333333801e-01
7.193333333333333801e-01
7.193333333333333801e-01
7.193333333333333801e-01
7.193333333333333801e-01
7.193333333333333801e-01
7.193333333333333801e-01
7.189999999999999725e-01
7.189999999999999725e-01
7.189999999999999725e-01
7.189999999999999725e-01
7.189999999999999725e-01
7.189999999999999725e-01
7.186666666666666758e-01
7.186666666666666758e-01
7.186666666666666758e-01
7.186666666666666758e-01
7.186666666666666758e-01
7.186666666666666758e-01
7.186666666666666758e-01
7.186666666666666758e-01
7.186666666666666758e-01
7.186666666666666758e-01
7.186666666666666758e-01
7.186666666666666758e-01
7.186666666666666758e-01
7.186666666666666758e-01
7.186666666666666758e-01
7.186666666666666758e-01
7.186666666666666758e-01
7.186666666666666758e-01
7.186666666666666758e-01
7.186666666666666758e-01
7.186666666666666758e-01
7.186666666666666758e-01
7.186666666666666758e-01
7.186666666666666758e-01
7.186666666666666758e-01
7.186666666666666758e-01
7.186666666666666758e-01
7.186666666666666758e-01
7.186666666666666758e-01
7.186666666666666758e-01
7.186666666666666758e-01
7.186666666666666758e-01
7.186666666666666758e-01
7.186666666666666758e-01
7.186666666666666758e-01
7.186666666666666758e-01
7.186666666666666758e-01
7.186666666666666758e-01
7.186666666666666758e-01
7.186666666666666758e-01
7.186666666666666758e-01
7.186666666666666758e-01
7.186666666666666758e-01
7.186666666666666758e-01
7.186666666666666758e-01
7.186666666666666758e-01
7.186666666666666758e-01
7.186666666666666758e-01
7.186666666666666758e-01
7.186666666666666758e-01
7.186666666666666758e-01
7.186666666666666758e-01
7.186666666666666758e-01
7.186666666666666758e-01
7.186666666666666758e-01
7.186666666666666758e-01
7.186666666666666758e-01
7.186666666666666758e-01
7.186666666666666758e-01
7.186666666666666758e-01
7.186666666666666758e-01
7.186666666666666758e-01
7.186666666666666758e-01
7.186666666666666758e-01
7.186666666666666758e-01
7.186666666666666758e-01
7.186666666666666758e-01
7.186666666666666758e-01
7.186666666666666758e-01
7.186666666666666758e-01
7.186666666666666758e-01
7.186666666666666758e-01
7.186666666666666758e-01
7.186666666666666758e-01
7.186666666666666758e-01
7.186666666666666758e-01
7.186666666666666758e-01
7.186666666666666758e-01
7.186666666666666758e-01
7.186666666666666758e-01
7.186666666666666758e-01
7.186666666666666758e-01
7.186666666666666758e-01
7.183333333333333792e-01
7.183333333333333792e-01
7.183333333333333792e-01
7.183333333333333792e-01
7.183333333333333792e-01
7.183333333333333792e-01
7.183333333333333792e-01
7.183333333333333792e-01
7.183333333333333792e-01
7.183333333333333792e-01
7.183333333333333792e-01
7.183333333333333792e-01
7.183333333333333792e-01
7.183333333333333792e-01
7.183333333333333792e-01
7.183333333333333792e-01
7.183333333333333792e-01
7.183333333333333792e-01
7.183333333333333792e-01
7.183333333333333792e-01
7.183333333333333792e-01
7.183333333333333792e-01
7.183333333333333792e-01
7.183333333333333792e-01
7.183333333333333792e-01
7.183333333333333792e-01
7.183333333333333792e-01
7.183333333333333792e-01
7.183333333333333792e-01
7.183333333333333792e-01
7.183333333333333792e-01
7.183333333333333792e-01
7.183333333333333792e-01
7.183333333333333792e-01
7.183333333333333792e-01
7.183333333333333792e-01
7.183333333333333792e-01
7.183333333333333792e-01
7.183333333333333792e-01
7.183333333333333792e-01
7.183333333333333792e-01
7.183333333333333792e-01
7.183333333333333792e-01
7.183333333333333792e-01
7.183333333333333792e-01
7.183333333333333792e-01
7.183333333333333792e-01
7.183333333333333792e-01
7.183333333333333792e-01
7.183333333333333792e-01
7.183333333333333792e-01
7.183333333333333792e-01
7.183333333333333792e-01
7.183333333333333792e-01
7.183333333333333792e-01
7.183333333333333792e-01
7.183333333333333792e-01
7.183333333333333792e-01
7.183333333333333792e-01
7.183333333333333792e-01
7.183333333333333792e-01
7.183333333333333792e-01
7.183333333333333792e-01
7.183333333333333792e-01
7.183333333333333792e-01
7.183333333333333792e-01
7.183333333333333792e-01
7.183333333333333792e-01
7.183333333333333792e-01
7.183333333333333792e-01
7.183333333333333792e-01
7.183333333333333792e-01
7.183333333333333792e-01
7.183333333333333792e-01
7.183333333333333792e-01
7.183333333333333792e-01
7.183333333333333792e-01
7.183333333333333792e-01
7.183333333333333792e-01
7.183333333333333792e-01
7.183333333333333792e-01
7.183333333333333792e-01
7.183333333333333792e-01
7.183333333333333792e-01
7.183333333333333792e-01
7.183333333333333792e-01
7.183333333333333792e-01
7.183333333333333792e-01
7.183333333333333792e-01
7.183333333333333792e-01
7.183333333333333792e-01
7.179999999999999716e-01
7.179999999999999716e-01
7.179999999999999716e-01
7.179999999999999716e-01
7.179999999999999716e-01
7.179999999999999716e-01
7.179999999999999716e-01
7.179999999999999716e-01
7.179999999999999716e-01
7.179999999999999716e-01
7.179999999999999716e-01
7.179999999999999716e-01
7.179999999999999716e-01
7.179999999999999716e-01
7.179999999999999716e-01
7.179999999999999716e-01
7.179999999999999716e-01
7.179999999999999716e-01
7.179999999999999716e-01
7.179999999999999716e-01
7.179999999999999716e-01
7.179999999999999716e-01
7.179999999999999716e-01
7.179999999999999716e-01
7.179999999999999716e-01
7.179999999999999716e-01
7.179999999999999716e-01
7.179999999999999716e-01
7.179999999999999716e-01
7.179999999999999716e-01
7.179999999999999716e-01
7.176666666666666750e-01
7.176666666666666750e-01
7.176666666666666750e-01
7.176666666666666750e-01
7.176666666666666750e-01
7.176666666666666750e-01
7.176666666666666750e-01
7.176666666666666750e-01
7.176666666666666750e-01
7.176666666666666750e-01
7.176666666666666750e-01
7.176666666666666750e-01
7.176666666666666750e-01
7.176666666666666750e-01
7.176666666666666750e-01
7.176666666666666750e-01
7.176666666666666750e-01
7.176666666666666750e-01
7.176666666666666750e-01
7.176666666666666750e-01
7.176666666666666750e-01
7.176666666666666750e-01
7.176666666666666750e-01
7.176666666666666750e-01
7.176666666666666750e-01
7.176666666666666750e-01
7.176666666666666750e-01
7.176666666666666750e-01
7.176666666666666750e-01
7.176666666666666750e-01
7.176666666666666750e-01
7.176666666666666750e-01
7.176666666666666750e-01
7.176666666666666750e-01
7.176666666666666750e-01
7.176666666666666750e-01
7.176666666666666750e-01
7.176666666666666750e-01
7.176666666666666750e-01
7.176666666666666750e-01
7.176666666666666750e-01
7.176666666666666750e-01
7.176666666666666750e-01
7.176666666666666750e-01
7.176666666666666750e-01
7.176666666666666750e-01
7.176666666666666750e-01
7.176666666666666750e-01
7.176666666666666750e-01
7.176666666666666750e-01
7.176666666666666750e-01
7.176666666666666750e-01
7.176666666666666750e-01
7.176666666666666750e-01
7.176666666666666750e-01
7.176666666666666750e-01
7.176666666666666750e-01
7.176666666666666750e-01
7.176666666666666750e-01
7.176666666666666750e-01
7.176666666666666750e-01
7.176666666666666750e-01
7.176666666666666750e-01
7.176666666666666750e-01
7.176666666666666750e-01
7.176666666666666750e-01
7.176666666666666750e-01
7.176666666666666750e-01
7.176666666666666750e-01
7.176666666666666750e-01
7.176666666666666750e-01
7.176666666666666750e-01
7.176666666666666750e-01
7.176666666666666750e-01
7.176666666666666750e-01
7.176666666666666750e-01
7.176666666666666750e-01
7.176666666666666750e-01
7.176666666666666750e-01
7.176666666666666750e-01
7.176666666666666750e-01
7.176666666666666750e-01
7.176666666666666750e-01
7.176666666666666750e-01
7.176666666666666750e-01
7.176666666666666750e-01
7.176666666666666750e-01
7.176666666666666750e-01
7.176666666666666750e-01
7.176666666666666750e-01
7.176666666666666750e-01
7.176666666666666750e-01
7.176666666666666750e-01
7.176666666666666750e-01
7.176666666666666750e-01
7.176666666666666750e-01
7.176666666666666750e-01
7.176666666666666750e-01
7.176666666666666750e-01
7.176666666666666750e-01
7.176666666666666750e-01
7.176666666666666750e-01
7.176666666666666750e-01
7.176666666666666750e-01
7.176666666666666750e-01
7.176666666666666750e-01
7.176666666666666750e-01
7.176666666666666750e-01
7.176666666666666750e-01
7.176666666666666750e-01
7.176666666666666750e-01
7.176666666666666750e-01
7.176666666666666750e-01
7.176666666666666750e-01
7.176666666666666750e-01
7.176666666666666750e-01
7.176666666666666750e-01
7.176666666666666750e-01
7.176666666666666750e-01
7.176666666666666750e-01
7.176666666666666750e-01
7.176666666666666750e-01
7.176666666666666750e-01
7.176666666666666750e-01
7.176666666666666750e-01
