8.359999999999999654e-01
8.359999999999999654e-01
8.359999999999999654e-01
8.359999999999999654e-01
8.359999999999999654e-01
8.359999999999999654e-01
8.359999999999999654e-01
8.359999999999999654e-01
8.359999999999999654e-01
8.359999999999999654e-01
8.359999999999999654e-01
8.359999999999999654e-01
8.359999999999999654e-01
8.359999999999999654e-01
8.359999999999999654e-01
8.359999999999999654e-01
8.359999999999999654e-01
8.359999999999999654e-01
8.359999999999999654e-01
8.359999999999999654e-01
8.359999999999999654e-01
8.359999999999999654e-01
8.359999999999999654e-01
8.359999999999999654e-01
8.359999999999999654e-01
8.359999999999999654e-01
8.359999999999999654e-01
8.359999999999999654e-01
8.359999999999999654e-01
8.359999999999999654e-01
8.359999999999999654e-01
8.359999999999999654e-01
8.359999999999999654e-01
8.359999999999999654e-01
8.359999999999999654e-01
8.359999999999999654e-01
8.359999999999999654e-01
8.359999999999999654e-01
8.359999999999999654e-01
8.359999999999999654e-01
8.357142857142857428e-01
8.357142857142857428e-01
8.357142857142857428e-01
8.357142857142857428e-01
8.357142857142857428e-01
8.357142857142857428e-01
8.357142857142857428e-01
8.357142857142857428e-01
8.357142857142857428e-01
8.357142857142857428e-01
8.357142857142857428e-01
8.357142857142857428e-01
8.357142857142857428e-01
8.357142857142857428e-01
8.357142857142857428e-01
8.357142857142857428e-01
8.357142857142857428e-01
8.357142857142857428e-01
8.357142857142857428e-01
8.357142857142857428e-01
8.357142857142857428e-01
8.357142857142857428e-01
8.357142857142857428e-01
8.357142857142857428e-01
8.357142857142857428e-01
8.354285714285714093e-01
8.351428571428571868e-01
8.351428571428571868e-01
8.351428571428571868e-01
8.351428571428571868e-01
8.351428571428571868e-01
8.351428571428571868e-01
8.351428571428571868e-01
8.351428571428571868e-01
8.351428571428571868e-01
8.351428571428571868e-01
8.351428571428571868e-01
8.351428571428571868e-01
8.351428571428571868e-01
8.351428571428571868e-01
8.351428571428571868e-01
8.351428571428571868e-01
8.351428571428571868e-01
8.351428571428571868e-01
8.348571428571428532e-01
8.348571428571428532e-01
8.348571428571428532e-01
8.348571428571428532e-01
8.348571428571428532e-01
8.348571428571428532e-01
8.348571428571428532e-01
8.348571428571428532e-01
8.348571428571428532e-01
8.348571428571428532e-01
8.348571428571428532e-01
8.348571428571428532e-01
8.342857142857142971e-01
8.342857142857142971e-01
8.342857142857142971e-01
8.342857142857142971e-01
8.342857142857142971e-01
8.342857142857142971e-01
8.342857142857142971e-01
8.342857142857142971e-01
8.342857142857142971e-01
8.342857142857142971e-01
8.342857142857142971e-01
8.337142857142857411e-01
8.337142857142857411e-01
8.337142857142857411e-01
8.337142857142857411e-01
8.337142857142857411e-01
8.337142857142857411e-01
8.337142857142857411e-01
8.337142857142857411e-01
8.337142857142857411e-01
8.337142857142857411e-01
8.337142857142857411e-01
8.337142857142857411e-01
8.337142857142857411e-01
8.337142857142857411e-01
8.337142857142857411e-01
8.337142857142857411e-01
8.337142857142857411e-01
8.337142857142857411e-01
8.337142857142857411e-01
8.337142857142857411e-01
8.337142857142857411e-01
8.337142857142857411e-01
8.334285714285714075e-01
8.334285714285714075e-01
8.334285714285714075e-01
8.334285714285714075e-01
8.334285714285714075e-01
8.334285714285714075e-01
8.334285714285714075e-01
8.334285714285714075e-01
8.334285714285714075e-01
8.334285714285714075e-01
8.334285714285714075e-01
8.334285714285714075e-01
8.334285714285714075e-01
8.334285714285714075e-01
8.334285714285714075e-01
8.334285714285714075e-01
8.334285714285714075e-01
8.334285714285714075e-01
8.334285714285714075e-01
8.334285714285714075e-01
8.334285714285714075e-01
8.334285714285714075e-01
8.334285714285714075e-01
8.334285714285714075e-01
8.334285714285714075e-01
8.334285714285714075e-01
8.334285714285714075e-01
8.331428571428571850e-01
8.328571428571428514e-01
8.328571428571428514e-01
8.325714285714285179e-01
8.325714285714285179e-01
8.325714285714285179e-01
8.325714285714285179e-01
8.325714285714285179e-01
8.325714285714285179e-01
8.325714285714285179e-01
8.325714285714285179e-01
8.325714285714285179e-01
8.325714285714285179e-01
8.325714285714285179e-01
8.325714285714285179e-01
8.325714285714285179e-01
8.325714285714285179e-01
8.325714285714285179e-01
8.325714285714285179e-01
8.325714285714285179e-01
8.325714285714285179e-01
8.325714285714285179e-01
8.325714285714285179e-01
8.325714285714285179e-01
8.325714285714285179e-01
8.325714285714285179e-01
8.325714285714285179e-01
8.325714285714285179e-01
8.325714285714285179e-01
8.325714285714285179e-01
8.325714285714285179e-01
8.325714285714285179e-01
8.325714285714285179e-01
8.325714285714285179e-01
8.325714285714285179e-01
8.325714285714285179e-01
8.325714285714285179e-01
8.325714285714285179e-01
8.325714285714285179e-01
8.325714285714285179e-01
8.325714285714285179e-01
8.322857142857142954e-01
8.322857142857142954e-01
8.322857142857142954e-01
8.322857142857142954e-01
8.322857142857142954e-01
8.322857142857142954e-01
8.322857142857142954e-01
8.322857142857142954e-01
8.322857142857142954e-01
8.319999999999999618e-01
8.319999999999999618e-01
8.319999999999999618e-01
8.319999999999999618e-01
8.319999999999999618e-01
8.319999999999999618e-01
8.319999999999999618e-01
8.319999999999999618e-01
8.319999999999999618e-01
8.317142857142857393e-01
8.317142857142857393e-01
8.317142857142857393e-01
8.317142857142857393e-01
8.314285714285714057e-01
8.314285714285714057e-01
8.314285714285714057e-01
8.314285714285714057e-01
8.314285714285714057e-01
8.314285714285714057e-01
8.314285714285714057e-01
8.314285714285714057e-01
8.314285714285714057e-01
8.314285714285714057e-01
8.314285714285714057e-01
8.314285714285714057e-01
8.314285714285714057e-01
8.314285714285714057e-01
8.314285714285714057e-01
8.314285714285714057e-01
8.314285714285714057e-01
8.314285714285714057e-01
8.314285714285714057e-01
8.314285714285714057e-01
8.314285714285714057e-01
8.314285714285714057e-01
8.314285714285714057e-01
8.314285714285714057e-01
8.314285714285714057e-01
8.314285714285714057e-01
8.314285714285714057e-01
8.314285714285714057e-01
8.314285714285714057e-01
8.314285714285714057e-01
8.314285714285714057e-01
8.314285714285714057e-01
8.314285714285714057e-01
8.314285714285714057e-01
8.314285714285714057e-01
8.314285714285714057e-01
8.314285714285714057e-01
8.314285714285714057e-01
8.314285714285714057e-01
8.314285714285714057e-01
8.314285714285714057e-01
8.314285714285714057e-01
8.314285714285714057e-01
8.311428571428571832e-01
8.311428571428571832e-01
8.311428571428571832e-01
8.311428571428571832e-01
8.311428571428571832e-01
8.311428571428571832e-01
8.311428571428571832e-01
8.311428571428571832e-01
8.311428571428571832e-01
8.311428571428571832e-01
8.311428571428571832e-01
8.311428571428571832e-01
8.308571428571428497e-01
8.308571428571428497e-01
8.308571428571428497e-01
8.308571428571428497e-01
8.308571428571428497e-01
8.308571428571428497e-01
8.308571428571428497e-01
8.308571428571428497e-01
8.308571428571428497e-01
8.308571428571428497e-01
8.308571428571428497e-01
8.308571428571428497e-01
8.308571428571428497e-01
8.308571428571428497e-01
8.308571428571428497e-01
8.308571428571428497e-01
8.305714285714285161e-01
8.302857142857142936e-01
8.302857142857142936e-01
8.302857142857142936e-01
8.302857142857142936e-01
8.302857142857142936e-01
8.302857142857142936e-01
8.302857142857142936e-01
8.302857142857142936e-01
8.302857142857142936e-01
8.302857142857142936e-01
8.302857142857142936e-01
8.302857142857142936e-01
8.302857142857142936e-01
8.302857142857142936e-01
8.302857142857142936e-01
8.302857142857142936e-01
8.302857142857142936e-01
8.302857142857142936e-01
8.299999999999999600e-01
8.299999999999999600e-01
8.299999999999999600e-01
8.299999999999999600e-01
8.299999999999999600e-01
8.297142857142857375e-01
8.297142857142857375e-01
8.297142857142857375e-01
8.297142857142857375e-01
8.297142857142857375e-01
8.297142857142857375e-01
8.297142857142857375e-01
8.297142857142857375e-01
8.297142857142857375e-01
8.297142857142857375e-01
8.297142857142857375e-01
8.297142857142857375e-01
8.297142857142857375e-01
8.294285714285714040e-01
8.294285714285714040e-01
8.294285714285714040e-01
8.294285714285714040e-01
8.294285714285714040e-01
8.294285714285714040e-01
8.294285714285714040e-01
8.294285714285714040e-01
8.294285714285714040e-01
8.294285714285714040e-01
8.294285714285714040e-01
8.294285714285714040e-01
8.294285714285714040e-01
8.294285714285714040e-01
8.294285714285714040e-01
8.294285714285714040e-01
8.294285714285714040e-01
8.291428571428571814e-01
8.291428571428571814e-01
8.291428571428571814e-01
8.291428571428571814e-01
8.288571428571428479e-01
8.288571428571428479e-01
8.288571428571428479e-01
8.288571428571428479e-01
8.288571428571428479e-01
8.288571428571428479e-01
8.288571428571428479e-01
8.288571428571428479e-01
8.288571428571428479e-01
8.288571428571428479e-01
8.288571428571428479e-01
8.288571428571428479e-01
8.288571428571428479e-01
8.288571428571428479e-01
8.288571428571428479e-01
8.288571428571428479e-01
8.288571428571428479e-01
8.288571428571428479e-01
8.288571428571428479e-01
8.288571428571428479e-01
8.285714285714286254e-01
8.285714285714286254e-01
8.285714285714286254e-01
8.285714285714286254e-01
8.285714285714286254e-01
8.282857142857142918e-01
8.282857142857142918e-01
8.282857142857142918e-01
8.282857142857142918e-01
8.282857142857142918e-01
8.282857142857142918e-01
8.282857142857142918e-01
8.282857142857142918e-01
8.282857142857142918e-01
8.282857142857142918e-01
8.282857142857142918e-01
8.282857142857142918e-01
8.282857142857142918e-01
8.279999999999999583e-01
8.279999999999999583e-01
8.279999999999999583e-01
8.279999999999999583e-01
8.279999999999999583e-01
8.279999999999999583e-01
8.279999999999999583e-01
8.277142857142857357e-01
8.277142857142857357e-01
8.274285714285714022e-01
8.274285714285714022e-01
8.274285714285714022e-01
8.274285714285714022e-01
8.271428571428571797e-01
8.271428571428571797e-01
8.268571428571428461e-01
8.268571428571428461e-01
8.268571428571428461e-01
8.268571428571428461e-01
8.268571428571428461e-01
8.268571428571428461e-01
8.268571428571428461e-01
8.268571428571428461e-01
8.268571428571428461e-01
8.268571428571428461e-01
8.268571428571428461e-01
8.268571428571428461e-01
8.268571428571428461e-01
8.268571428571428461e-01
8.268571428571428461e-01
8.268571428571428461e-01
8.268571428571428461e-01
8.268571428571428461e-01
8.268571428571428461e-01
8.268571428571428461e-01
8.268571428571428461e-01
8.268571428571428461e-01
8.265714285714286236e-01
8.265714285714286236e-01
8.265714285714286236e-01
8.265714285714286236e-01
8.265714285714286236e-01
8.265714285714286236e-01
8.265714285714286236e-01
8.265714285714286236e-01
8.265714285714286236e-01
8.265714285714286236e-01
8.265714285714286236e-01
8.265714285714286236e-01
8.265714285714286236e-01
8.262857142857142900e-01
8.262857142857142900e-01
8.262857142857142900e-01
8.262857142857142900e-01
8.262857142857142900e-01
8.262857142857142900e-01
8.262857142857142900e-01
8.262857142857142900e-01
8.262857142857142900e-01
8.262857142857142900e-01
8.262857142857142900e-01
8.262857142857142900e-01
8.262857142857142900e-01
8.262857142857142900e-01
8.262857142857142900e-01
8.262857142857142900e-01
8.262857142857142900e-01
8.262857142857142900e-01
8.262857142857142900e-01
8.262857142857142900e-01
8.262857142857142900e-01
8.262857142857142900e-01
8.262857142857142900e-01
8.262857142857142900e-01
8.262857142857142900e-01
8.262857142857142900e-01
8.262857142857142900e-01
8.262857142857142900e-01
8.262857142857142900e-01
8.262857142857142900e-01
8.262857142857142900e-01
8.262857142857142900e-01
8.262857142857142900e-01
8.262857142857142900e-01
8.262857142857142900e-01
8.262857142857142900e-01
8.262857142857142900e-01
8.262857142857142900e-01
8.262857142857142900e-01
8.262857142857142900e-01
8.262857142857142900e-01
8.259999999999999565e-01
8.259999999999999565e-01
8.259999999999999565e-01
8.259999999999999565e-01
8.259999999999999565e-01
8.259999999999999565e-01
8.257142857142857340e-01
8.254285714285714004e-01
8.254285714285714004e-01
8.254285714285714004e-01
8.254285714285714004e-01
8.254285714285714004e-01
8.254285714285714004e-01
8.254285714285714004e-01
8.254285714285714004e-01
8.254285714285714004e-01
8.254285714285714004e-01
8.254285714285714004e-01
8.254285714285714004e-01
8.251428571428571779e-01
8.251428571428571779e-01
8.251428571428571779e-01
8.251428571428571779e-01
8.251428571428571779e-01
8.248571428571428443e-01
8.248571428571428443e-01
8.248571428571428443e-01
8.248571428571428443e-01
8.248571428571428443e-01
8.248571428571428443e-01
8.248571428571428443e-01
8.248571428571428443e-01
8.248571428571428443e-01
8.248571428571428443e-01
8.248571428571428443e-01
8.248571428571428443e-01
8.248571428571428443e-01
8.248571428571428443e-01
8.248571428571428443e-01
8.248571428571428443e-01
8.248571428571428443e-01
8.248571428571428443e-01
8.248571428571428443e-01
8.248571428571428443e-01
8.248571428571428443e-01
8.248571428571428443e-01
8.248571428571428443e-01
8.248571428571428443e-01
8.248571428571428443e-01
8.248571428571428443e-01
8.248571428571428443e-01
8.248571428571428443e-01
8.245714285714286218e-01
8.245714285714286218e-01
8.245714285714286218e-01
8.245714285714286218e-01
8.245714285714286218e-01
8.245714285714286218e-01
8.245714285714286218e-01
8.245714285714286218e-01
8.245714285714286218e-01
8.245714285714286218e-01
8.245714285714286218e-01
8.245714285714286218e-01
8.245714285714286218e-01
8.245714285714286218e-01
8.245714285714286218e-01
8.245714285714286218e-01
8.245714285714286218e-01
8.245714285714286218e-01
8.245714285714286218e-01
8.245714285714286218e-01
8.245714285714286218e-01
8.245714285714286218e-01
8.245714285714286218e-01
8.245714285714286218e-01
8.245714285714286218e-01
8.245714285714286218e-01
8.245714285714286218e-01
8.245714285714286218e-01
8.245714285714286218e-01
8.245714285714286218e-01
8.245714285714286218e-01
8.245714285714286218e-01
8.245714285714286218e-01
8.245714285714286218e-01
8.245714285714286218e-01
8.245714285714286218e-01
8.245714285714286218e-01
8.245714285714286218e-01
8.245714285714286218e-01
8.245714285714286218e-01
8.245714285714286218e-01
8.245714285714286218e-01
8.245714285714286218e-01
8.245714285714286218e-01
8.245714285714286218e-01
8.245714285714286218e-01
8.245714285714286218e-01
8.245714285714286218e-01
8.245714285714286218e-01
8.245714285714286218e-01
8.245714285714286218e-01
8.245714285714286218e-01
8.245714285714286218e-01
8.245714285714286218e-01
8.245714285714286218e-01
8.245714285714286218e-01
8.245714285714286218e-01
8.245714285714286218e-01
8.245714285714286218e-01
8.245714285714286218e-01
8.245714285714286218e-01
8.245714285714286218e-01
8.245714285714286218e-01
8.245714285714286218e-01
8.245714285714286218e-01
8.245714285714286218e-01
8.245714285714286218e-01
8.245714285714286218e-01
8.245714285714286218e-01
8.245714285714286218e-01
8.245714285714286218e-01
8.245714285714286218e-01
8.242857142857142883e-01
8.242857142857142883e-01
8.242857142857142883e-01
8.242857142857142883e-01
8.239999999999999547e-01
8.239999999999999547e-01
8.239999999999999547e-01
8.239999999999999547e-01
8.239999999999999547e-01
8.239999999999999547e-01
8.239999999999999547e-01
8.239999999999999547e-01
8.239999999999999547e-01
8.239999999999999547e-01
8.239999999999999547e-01
8.239999999999999547e-01
8.239999999999999547e-01
8.239999999999999547e-01
8.239999999999999547e-01
8.239999999999999547e-01
8.239999999999999547e-01
8.239999999999999547e-01
8.239999999999999547e-01
8.239999999999999547e-01
8.239999999999999547e-01
8.239999999999999547e-01
8.239999999999999547e-01
8.239999999999999547e-01
8.239999999999999547e-01
8.239999999999999547e-01
8.239999999999999547e-01
8.239999999999999547e-01
8.239999999999999547e-01
8.237142857142857322e-01
8.234285714285713986e-01
8.234285714285713986e-01
8.234285714285713986e-01
8.234285714285713986e-01
8.234285714285713986e-01
8.234285714285713986e-01
8.234285714285713986e-01
8.234285714285713986e-01
8.234285714285713986e-01
8.234285714285713986e-01
8.234285714285713986e-01
8.234285714285713986e-01
8.234285714285713986e-01
8.231428571428571761e-01
8.231428571428571761e-01
8.231428571428571761e-01
8.231428571428571761e-01
8.231428571428571761e-01
8.231428571428571761e-01
8.231428571428571761e-01
8.231428571428571761e-01
8.231428571428571761e-01
8.231428571428571761e-01
8.231428571428571761e-01
8.231428571428571761e-01
8.231428571428571761e-01
8.228571428571428426e-01
8.228571428571428426e-01
8.228571428571428426e-01
8.225714285714286200e-01
8.225714285714286200e-01
8.225714285714286200e-01
8.225714285714286200e-01
8.225714285714286200e-01
8.225714285714286200e-01
8.225714285714286200e-01
8.222857142857142865e-01
8.219999999999999529e-01
8.219999999999999529e-01
8.219999999999999529e-01
8.219999999999999529e-01
8.219999999999999529e-01
8.219999999999999529e-01
8.219999999999999529e-01
8.219999999999999529e-01
8.219999999999999529e-01
8.219999999999999529e-01
8.219999999999999529e-01
8.219999999999999529e-01
8.219999999999999529e-01
8.219999999999999529e-01
8.219999999999999529e-01
8.219999999999999529e-01
8.219999999999999529e-01
8.219999999999999529e-01
8.219999999999999529e-01
8.219999999999999529e-01
8.219999999999999529e-01
8.219999999999999529e-01
8.219999999999999529e-01
8.219999999999999529e-01
8.219999999999999529e-01
8.219999999999999529e-01
8.219999999999999529e-01
8.219999999999999529e-01
8.219999999999999529e-01
8.219999999999999529e-01
8.219999999999999529e-01
8.219999999999999529e-01
8.219999999999999529e-01
8.219999999999999529e-01
8.219999999999999529e-01
8.219999999999999529e-01
8.219999999999999529e-01
8.219999999999999529e-01
8.219999999999999529e-01
8.219999999999999529e-01
8.219999999999999529e-01
8.219999999999999529e-01
8.219999999999999529e-01
8.219999999999999529e-01
8.217142857142857304e-01
8.214285714285713969e-01
8.214285714285713969e-01
8.214285714285713969e-01
8.214285714285713969e-01
8.214285714285713969e-01
8.214285714285713969e-01
8.214285714285713969e-01
8.214285714285713969e-01
8.214285714285713969e-01
8.214285714285713969e-01
8.214285714285713969e-01
8.214285714285713969e-01
8.214285714285713969e-01
8.214285714285713969e-01
8.211428571428571743e-01
8.211428571428571743e-01
8.211428571428571743e-01
8.211428571428571743e-01
8.211428571428571743e-01
8.211428571428571743e-01
8.211428571428571743e-01
8.211428571428571743e-01
8.211428571428571743e-01
8.211428571428571743e-01
8.211428571428571743e-01
8.211428571428571743e-01
8.211428571428571743e-01
8.211428571428571743e-01
8.211428571428571743e-01
8.211428571428571743e-01
8.211428571428571743e-01
8.211428571428571743e-01
8.211428571428571743e-01
8.211428571428571743e-01
8.211428571428571743e-01
8.211428571428571743e-01
8.211428571428571743e-01
8.211428571428571743e-01
8.211428571428571743e-01
8.211428571428571743e-01
8.211428571428571743e-01
8.211428571428571743e-01
8.211428571428571743e-01
8.211428571428571743e-01
8.211428571428571743e-01
8.211428571428571743e-01
8.211428571428571743e-01
8.211428571428571743e-01
8.211428571428571743e-01
8.211428571428571743e-01
8.211428571428571743e-01
8.211428571428571743e-01
8.211428571428571743e-01
8.211428571428571743e-01
8.211428571428571743e-01
8.208571428571428408e-01
8.208571428571428408e-01
8.208571428571428408e-01
8.208571428571428408e-01
8.208571428571428408e-01
8.208571428571428408e-01
8.208571428571428408e-01
8.208571428571428408e-01
8.208571428571428408e-01
8.208571428571428408e-01
8.208571428571428408e-01
8.208571428571428408e-01
8.208571428571428408e-01
8.208571428571428408e-01
8.208571428571428408e-01
8.208571428571428408e-01
8.208571428571428408e-01
8.208571428571428408e-01
8.208571428571428408e-01
8.208571428571428408e-01
8.208571428571428408e-01
8.208571428571428408e-01
8.208571428571428408e-01
8.208571428571428408e-01
8.205714285714286182e-01
8.205714285714286182e-01
8.205714285714286182e-01
8.205714285714286182e-01
8.205714285714286182e-01
8.205714285714286182e-01
8.205714285714286182e-01
8.205714285714286182e-01
8.205714285714286182e-01
8.205714285714286182e-01
8.205714285714286182e-01
8.205714285714286182e-01
8.205714285714286182e-01
8.202857142857142847e-01
8.202857142857142847e-01
8.202857142857142847e-01
8.202857142857142847e-01
8.202857142857142847e-01
8.202857142857142847e-01
8.199999999999999512e-01
8.199999999999999512e-01
8.199999999999999512e-01
8.199999999999999512e-01
8.199999999999999512e-01
8.199999999999999512e-01
8.199999999999999512e-01
8.199999999999999512e-01
8.199999999999999512e-01
8.199999999999999512e-01
8.199999999999999512e-01
8.199999999999999512e-01
8.197142857142857286e-01
8.197142857142857286e-01
8.197142857142857286e-01
8.197142857142857286e-01
8.197142857142857286e-01
8.197142857142857286e-01
8.197142857142857286e-01
8.197142857142857286e-01
8.197142857142857286e-01
8.197142857142857286e-01
8.197142857142857286e-01
8.197142857142857286e-01
8.197142857142857286e-01
8.197142857142857286e-01
8.197142857142857286e-01
8.197142857142857286e-01
8.197142857142857286e-01
8.197142857142857286e-01
8.197142857142857286e-01
8.197142857142857286e-01
8.197142857142857286e-01
8.197142857142857286e-01
8.197142857142857286e-01
8.197142857142857286e-01
8.197142857142857286e-01
8.197142857142857286e-01
8.197142857142857286e-01
8.197142857142857286e-01
8.197142857142857286e-01
8.197142857142857286e-01
8.197142857142857286e-01
8.197142857142857286e-01
8.197142857142857286e-01
8.197142857142857286e-01
8.197142857142857286e-01
8.197142857142857286e-01
8.197142857142857286e-01
8.197142857142857286e-01
8.197142857142857286e-01
8.197142857142857286e-01
8.197142857142857286e-01
8.197142857142857286e-01
8.197142857142857286e-01
8.197142857142857286e-01
8.197142857142857286e-01
8.197142857142857286e-01
8.197142857142857286e-01
8.197142857142857286e-01
8.197142857142857286e-01
8.197142857142857286e-01
8.197142857142857286e-01
8.197142857142857286e-01
8.197142857142857286e-01
8.197142857142857286e-01
8.197142857142857286e-01
8.197142857142857286e-01
8.197142857142857286e-01
8.197142857142857286e-01
8.197142857142857286e-01
8.197142857142857286e-01
8.197142857142857286e-01
8.197142857142857286e-01
8.197142857142857286e-01
8.197142857142857286e-01
8.197142857142857286e-01
8.197142857142857286e-01
8.197142857142857286e-01
8.197142857142857286e-01
8.197142857142857286e-01
8.197142857142857286e-01
8.197142857142857286e-01
8.197142857142857286e-01
8.197142857142857286e-01
8.197142857142857286e-01
8.197142857142857286e-01
8.197142857142857286e-01
8.197142857142857286e-01
8.194285714285713951e-01
8.194285714285713951e-01
8.194285714285713951e-01
8.194285714285713951e-01
8.194285714285713951e-01
8.194285714285713951e-01
8.194285714285713951e-01
8.194285714285713951e-01
8.194285714285713951e-01
8.194285714285713951e-01
8.194285714285713951e-01
8.194285714285713951e-01
8.194285714285713951e-01
8.194285714285713951e-01
8.194285714285713951e-01
8.194285714285713951e-01
8.194285714285713951e-01
8.194285714285713951e-01
8.194285714285713951e-01
8.194285714285713951e-01
8.194285714285713951e-01
8.194285714285713951e-01
8.194285714285713951e-01
8.194285714285713951e-01
8.194285714285713951e-01
8.194285714285713951e-01
8.194285714285713951e-01
8.194285714285713951e-01
8.194285714285713951e-01
8.194285714285713951e-01
8.194285714285713951e-01
8.194285714285713951e-01
8.191428571428571725e-01
8.191428571428571725e-01
8.191428571428571725e-01
8.191428571428571725e-01
8.191428571428571725e-01
8.191428571428571725e-01
8.191428571428571725e-01
8.191428571428571725e-01
8.191428571428571725e-01
8.191428571428571725e-01
8.191428571428571725e-01
8.191428571428571725e-01
8.191428571428571725e-01
8.191428571428571725e-01
8.191428571428571725e-01
8.191428571428571725e-01
8.191428571428571725e-01
8.191428571428571725e-01
8.191428571428571725e-01
8.191428571428571725e-01
8.191428571428571725e-01
8.191428571428571725e-01
8.191428571428571725e-01
8.191428571428571725e-01
8.188571428571428390e-01
8.188571428571428390e-01
8.188571428571428390e-01
8.188571428571428390e-01
8.188571428571428390e-01
8.185714285714286165e-01
8.185714285714286165e-01
8.185714285714286165e-01
8.185714285714286165e-01
8.185714285714286165e-01
8.185714285714286165e-01
8.185714285714286165e-01
8.185714285714286165e-01
8.182857142857142829e-01
8.182857142857142829e-01
8.182857142857142829e-01
8.182857142857142829e-01
8.182857142857142829e-01
8.182857142857142829e-01
8.182857142857142829e-01
8.182857142857142829e-01
8.182857142857142829e-01
8.182857142857142829e-01
8.179999999999999494e-01
8.179999999999999494e-01
8.179999999999999494e-01
8.179999999999999494e-01
8.179999999999999494e-01
8.179999999999999494e-01
8.179999999999999494e-01
8.179999999999999494e-01
8.179999999999999494e-01
8.179999999999999494e-01
8.179999999999999494e-01
8.179999999999999494e-01
8.179999999999999494e-01
8.179999999999999494e-01
8.179999999999999494e-01
8.179999999999999494e-01
8.179999999999999494e-01
8.179999999999999494e-01
8.179999999999999494e-01
8.179999999999999494e-01
8.179999999999999494e-01
8.179999999999999494e-01
8.179999999999999494e-01
8.179999999999999494e-01
8.179999999999999494e-01
8.179999999999999494e-01
8.179999999999999494e-01
8.179999999999999494e-01
8.177142857142857268e-01
8.177142857142857268e-01
8.177142857142857268e-01
8.177142857142857268e-01
8.177142857142857268e-01
8.177142857142857268e-01
8.177142857142857268e-01
8.177142857142857268e-01
8.174285714285713933e-01
8.174285714285713933e-01
8.174285714285713933e-01
8.174285714285713933e-01
8.174285714285713933e-01
8.174285714285713933e-01
8.174285714285713933e-01
8.174285714285713933e-01
8.174285714285713933e-01
8.174285714285713933e-01
8.174285714285713933e-01
8.174285714285713933e-01
8.174285714285713933e-01
8.174285714285713933e-01
8.171428571428571708e-01
8.171428571428571708e-01
8.171428571428571708e-01
8.171428571428571708e-01
8.171428571428571708e-01
8.171428571428571708e-01
8.171428571428571708e-01
8.171428571428571708e-01
8.171428571428571708e-01
8.171428571428571708e-01
8.171428571428571708e-01
8.171428571428571708e-01
8.171428571428571708e-01
8.171428571428571708e-01
8.171428571428571708e-01
8.171428571428571708e-01
8.171428571428571708e-01
8.171428571428571708e-01
8.171428571428571708e-01
8.171428571428571708e-01
8.171428571428571708e-01
8.171428571428571708e-01
8.168571428571428372e-01
8.168571428571428372e-01
8.168571428571428372e-01
8.165714285714286147e-01
8.165714285714286147e-01
8.165714285714286147e-01
8.165714285714286147e-01
8.165714285714286147e-01
8.162857142857142811e-01
8.162857142857142811e-01
8.159999999999999476e-01
8.159999999999999476e-01
8.159999999999999476e-01
8.159999999999999476e-01
8.157142857142857251e-01
8.157142857142857251e-01
8.157142857142857251e-01
8.157142857142857251e-01
8.157142857142857251e-01
8.157142857142857251e-01
8.157142857142857251e-01
8.157142857142857251e-01
8.157142857142857251e-01
8.157142857142857251e-01
8.157142857142857251e-01
8.157142857142857251e-01
8.157142857142857251e-01
8.157142857142857251e-01
8.157142857142857251e-01
8.157142857142857251e-01
8.157142857142857251e-01
8.157142857142857251e-01
8.157142857142857251e-01
8.157142857142857251e-01
8.157142857142857251e-01
8.157142857142857251e-01
8.157142857142857251e-01
8.157142857142857251e-01
8.157142857142857251e-01
8.157142857142857251e-01
8.157142857142857251e-01
8.157142857142857251e-01
8.157142857142857251e-01
8.157142857142857251e-01
8.157142857142857251e-01
8.157142857142857251e-01
8.157142857142857251e-01
8.157142857142857251e-01
8.157142857142857251e-01
8.157142857142857251e-01
8.157142857142857251e-01
8.157142857142857251e-01
8.157142857142857251e-01
8.157142857142857251e-01
8.157142857142857251e-01
8.157142857142857251e-01
8.157142857142857251e-01
8.157142857142857251e-01
8.157142857142857251e-01
8.157142857142857251e-01
8.157142857142857251e-01
8.157142857142857251e-01
8.157142857142857251e-01
8.157142857142857251e-01
8.157142857142857251e-01
8.157142857142857251e-01
8.157142857142857251e-01
8.157142857142857251e-01
8.157142857142857251e-01
8.157142857142857251e-01
8.154285714285713915e-01
8.154285714285713915e-01
8.154285714285713915e-01
8.154285714285713915e-01
8.154285714285713915e-01
8.154285714285713915e-01
8.151428571428571690e-01
8.151428571428571690e-01
8.151428571428571690e-01
8.151428571428571690e-01
8.151428571428571690e-01
8.151428571428571690e-01
8.151428571428571690e-01
8.151428571428571690e-01
8.148571428571428354e-01
8.148571428571428354e-01
8.148571428571428354e-01
8.148571428571428354e-01
8.145714285714286129e-01
8.145714285714286129e-01
8.145714285714286129e-01
8.145714285714286129e-01
8.145714285714286129e-01
8.145714285714286129e-01
8.145714285714286129e-01
8.145714285714286129e-01
8.145714285714286129e-01
8.145714285714286129e-01
8.145714285714286129e-01
8.145714285714286129e-01
8.145714285714286129e-01
8.145714285714286129e-01
8.145714285714286129e-01
8.145714285714286129e-01
8.145714285714286129e-01
8.145714285714286129e-01
8.145714285714286129e-01
8.145714285714286129e-01
8.145714285714286129e-01
8.145714285714286129e-01
8.145714285714286129e-01
8.145714285714286129e-01
8.145714285714286129e-01
8.145714285714286129e-01
8.145714285714286129e-01
8.145714285714286129e-01
8.145714285714286129e-01
8.145714285714286129e-01
8.145714285714286129e-01
8.145714285714286129e-01
8.145714285714286129e-01
8.145714285714286129e-01
8.145714285714286129e-01
8.145714285714286129e-01
8.145714285714286129e-01
8.145714285714286129e-01
8.145714285714286129e-01
8.145714285714286129e-01
8.145714285714286129e-01
8.145714285714286129e-01
8.145714285714286129e-01
8.145714285714286129e-01
8.145714285714286129e-01
8.145714285714286129e-01
8.145714285714286129e-01
8.145714285714286129e-01
8.145714285714286129e-01
8.145714285714286129e-01
8.145714285714286129e-01
8.145714285714286129e-01
8.145714285714286129e-01
8.145714285714286129e-01
8.145714285714286129e-01
8.145714285714286129e-01
8.145714285714286129e-01
8.145714285714286129e-01
8.145714285714286129e-01
8.145714285714286129e-01
8.145714285714286129e-01
8.145714285714286129e-01
8.145714285714286129e-01
8.145714285714286129e-01
8.145714285714286129e-01
8.145714285714286129e-01
8.145714285714286129e-01
8.145714285714286129e-01
8.145714285714286129e-01
8.145714285714286129e-01
8.145714285714286129e-01
8.145714285714286129e-01
8.145714285714286129e-01
8.145714285714286129e-01
8.145714285714286129e-01
8.145714285714286129e-01
8.145714285714286129e-01
8.145714285714286129e-01
8.145714285714286129e-01
8.145714285714286129e-01
8.145714285714286129e-01
8.145714285714286129e-01
8.145714285714286129e-01
8.145714285714286129e-01
8.145714285714286129e-01
8.145714285714286129e-01
8.145714285714286129e-01
8.145714285714286129e-01
8.145714285714286129e-01
8.145714285714286129e-01
8.145714285714286129e-01
8.145714285714286129e-01
8.145714285714286129e-01
8.145714285714286129e-01
8.145714285714286129e-01
8.145714285714286129e-01
8.145714285714286129e-01
8.145714285714286129e-01
8.145714285714286129e-01
8.145714285714286129e-01
8.145714285714286129e-01
8.145714285714286129e-01
8.145714285714286129e-01
8.145714285714286129e-01
8.145714285714286129e-01
8.145714285714286129e-01
8.145714285714286129e-01
8.145714285714286129e-01
8.145714285714286129e-01
8.145714285714286129e-01
8.145714285714286129e-01
8.145714285714286129e-01
8.145714285714286129e-01
8.145714285714286129e-01
8.145714285714286129e-01
8.142857142857142794e-01
8.139999999999999458e-01
8.139999999999999458e-01
8.139999999999999458e-01
8.139999999999999458e-01
8.139999999999999458e-01
8.139999999999999458e-01
8.139999999999999458e-01
8.139999999999999458e-01
8.139999999999999458e-01
8.139999999999999458e-01
8.137142857142857233e-01
8.137142857142857233e-01
8.137142857142857233e-01
8.137142857142857233e-01
8.137142857142857233e-01
8.137142857142857233e-01
8.137142857142857233e-01
8.137142857142857233e-01
8.137142857142857233e-01
8.137142857142857233e-01
8.137142857142857233e-01
8.137142857142857233e-01
8.137142857142857233e-01
8.137142857142857233e-01
8.137142857142857233e-01
8.137142857142857233e-01
8.137142857142857233e-01
8.137142857142857233e-01
8.137142857142857233e-01
8.137142857142857233e-01
8.137142857142857233e-01
8.137142857142857233e-01
8.137142857142857233e-01
8.137142857142857233e-01
8.137142857142857233e-01
8.137142857142857233e-01
8.137142857142857233e-01
8.137142857142857233e-01
8.137142857142857233e-01
8.137142857142857233e-01
8.137142857142857233e-01
8.137142857142857233e-01
8.137142857142857233e-01
8.137142857142857233e-01
8.137142857142857233e-01
8.137142857142857233e-01
8.137142857142857233e-01
8.137142857142857233e-01
8.137142857142857233e-01
8.137142857142857233e-01
8.137142857142857233e-01
8.134285714285713897e-01
8.134285714285713897e-01
8.134285714285713897e-01
8.134285714285713897e-01
8.134285714285713897e-01
8.134285714285713897e-01
8.134285714285713897e-01
8.134285714285713897e-01
8.134285714285713897e-01
8.134285714285713897e-01
8.134285714285713897e-01
8.134285714285713897e-01
8.134285714285713897e-01
8.134285714285713897e-01
8.134285714285713897e-01
8.134285714285713897e-01
8.134285714285713897e-01
8.134285714285713897e-01
8.134285714285713897e-01
8.134285714285713897e-01
8.134285714285713897e-01
8.134285714285713897e-01
8.134285714285713897e-01
8.134285714285713897e-01
8.134285714285713897e-01
8.134285714285713897e-01
8.134285714285713897e-01
8.134285714285713897e-01
8.134285714285713897e-01
8.134285714285713897e-01
8.134285714285713897e-01
8.134285714285713897e-01
8.134285714285713897e-01
8.134285714285713897e-01
8.134285714285713897e-01
8.134285714285713897e-01
8.134285714285713897e-01
8.134285714285713897e-01
8.134285714285713897e-01
8.134285714285713897e-01
8.134285714285713897e-01
8.134285714285713897e-01
8.134285714285713897e-01
8.134285714285713897e-01
8.134285714285713897e-01
8.134285714285713897e-01
8.134285714285713897e-01
8.134285714285713897e-01
8.134285714285713897e-01
8.134285714285713897e-01
8.134285714285713897e-01
8.134285714285713897e-01
8.134285714285713897e-01
8.134285714285713897e-01
8.134285714285713897e-01
8.134285714285713897e-01
8.134285714285713897e-01
8.134285714285713897e-01
8.134285714285713897e-01
8.134285714285713897e-01
8.134285714285713897e-01
8.134285714285713897e-01
8.134285714285713897e-01
8.134285714285713897e-01
8.134285714285713897e-01
8.134285714285713897e-01
8.134285714285713897e-01
8.134285714285713897e-01
8.134285714285713897e-01
8.134285714285713897e-01
8.131428571428571672e-01
8.131428571428571672e-01
8.131428571428571672e-01
8.131428571428571672e-01
8.131428571428571672e-01
8.131428571428571672e-01
8.131428571428571672e-01
8.131428571428571672e-01
8.131428571428571672e-01
8.131428571428571672e-01
8.131428571428571672e-01
8.131428571428571672e-01
8.131428571428571672e-01
8.131428571428571672e-01
8.131428571428571672e-01
8.131428571428571672e-01
8.131428571428571672e-01
8.131428571428571672e-01
8.131428571428571672e-01
8.131428571428571672e-01
8.131428571428571672e-01
8.131428571428571672e-01
8.131428571428571672e-01
8.131428571428571672e-01
8.131428571428571672e-01
8.131428571428571672e-01
8.131428571428571672e-01
8.131428571428571672e-01
8.131428571428571672e-01
8.131428571428571672e-01
8.131428571428571672e-01
8.131428571428571672e-01
8.131428571428571672e-01
8.128571428571428337e-01
8.128571428571428337e-01
8.128571428571428337e-01
8.128571428571428337e-01
8.128571428571428337e-01
8.128571428571428337e-01
8.128571428571428337e-01
8.128571428571428337e-01
8.128571428571428337e-01
8.128571428571428337e-01
8.128571428571428337e-01
8.128571428571428337e-01
8.128571428571428337e-01
8.128571428571428337e-01
8.128571428571428337e-01
8.128571428571428337e-01
8.128571428571428337e-01
8.128571428571428337e-01
8.128571428571428337e-01
8.128571428571428337e-01
8.128571428571428337e-01
8.125714285714286111e-01
8.125714285714286111e-01
8.125714285714286111e-01
8.125714285714286111e-01
8.125714285714286111e-01
8.125714285714286111e-01
8.125714285714286111e-01
8.125714285714286111e-01
8.125714285714286111e-01
8.125714285714286111e-01
8.125714285714286111e-01
8.125714285714286111e-01
8.125714285714286111e-01
8.125714285714286111e-01
8.125714285714286111e-01
8.125714285714286111e-01
8.125714285714286111e-01
8.125714285714286111e-01
8.125714285714286111e-01
8.125714285714286111e-01
8.125714285714286111e-01
8.125714285714286111e-01
8.125714285714286111e-01
8.125714285714286111e-01
8.125714285714286111e-01
8.122857142857142776e-01
8.122857142857142776e-01
8.122857142857142776e-01
8.122857142857142776e-01
8.122857142857142776e-01
8.122857142857142776e-01
8.122857142857142776e-01
8.122857142857142776e-01
8.122857142857142776e-01
8.122857142857142776e-01
8.122857142857142776e-01
8.122857142857142776e-01
8.122857142857142776e-01
8.122857142857142776e-01
8.122857142857142776e-01
8.122857142857142776e-01
8.122857142857142776e-01
8.122857142857142776e-01
8.122857142857142776e-01
8.122857142857142776e-01
8.122857142857142776e-01
8.122857142857142776e-01
8.122857142857142776e-01
8.122857142857142776e-01
8.122857142857142776e-01
8.122857142857142776e-01
8.122857142857142776e-01
8.122857142857142776e-01
8.122857142857142776e-01
8.122857142857142776e-01
8.122857142857142776e-01
8.122857142857142776e-01
8.122857142857142776e-01
8.122857142857142776e-01
8.122857142857142776e-01
8.122857142857142776e-01
8.122857142857142776e-01
8.122857142857142776e-01
8.122857142857142776e-01
8.122857142857142776e-01
8.122857142857142776e-01
8.122857142857142776e-01
8.122857142857142776e-01
8.122857142857142776e-01
8.122857142857142776e-01
8.122857142857142776e-01
8.122857142857142776e-01
8.122857142857142776e-01
8.122857142857142776e-01
8.122857142857142776e-01
8.122857142857142776e-01
8.122857142857142776e-01
8.122857142857142776e-01
8.122857142857142776e-01
8.122857142857142776e-01
8.122857142857142776e-01
8.122857142857142776e-01
8.122857142857142776e-01
8.122857142857142776e-01
8.122857142857142776e-01
8.122857142857142776e-01
8.122857142857142776e-01
8.122857142857142776e-01
8.122857142857142776e-01
8.122857142857142776e-01
8.122857142857142776e-01
8.122857142857142776e-01
8.122857142857142776e-01
8.122857142857142776e-01
8.122857142857142776e-01
8.122857142857142776e-01
8.122857142857142776e-01
8.122857142857142776e-01
8.122857142857142776e-01
8.122857142857142776e-01
8.122857142857142776e-01
8.122857142857142776e-01
8.122857142857142776e-01
8.122857142857142776e-01
8.122857142857142776e-01
8.122857142857142776e-01
8.122857142857142776e-01
8.122857142857142776e-01
8.122857142857142776e-01
8.122857142857142776e-01
8.122857142857142776e-01
8.122857142857142776e-01
8.122857142857142776e-01
8.122857142857142776e-01
8.122857142857142776e-01
8.122857142857142776e-01
8.122857142857142776e-01
8.122857142857142776e-01
8.122857142857142776e-01
8.122857142857142776e-01
8.122857142857142776e-01
8.122857142857142776e-01
8.122857142857142776e-01
8.122857142857142776e-01
8.122857142857142776e-01
8.122857142857142776e-01
8.122857142857142776e-01
8.122857142857142776e-01
8.122857142857142776e-01
8.122857142857142776e-01
8.122857142857142776e-01
8.122857142857142776e-01
8.122857142857142776e-01
8.122857142857142776e-01
8.122857142857142776e-01
8.122857142857142776e-01
8.122857142857142776e-01
8.122857142857142776e-01
8.122857142857142776e-01
8.122857142857142776e-01
8.122857142857142776e-01
8.122857142857142776e-01
8.122857142857142776e-01
8.122857142857142776e-01
8.122857142857142776e-01
8.122857142857142776e-01
8.122857142857142776e-01
8.122857142857142776e-01
8.122857142857142776e-01
8.122857142857142776e-01
8.122857142857142776e-01
8.122857142857142776e-01
8.122857142857142776e-01
8.122857142857142776e-01
8.122857142857142776e-01
8.122857142857142776e-01
8.117142857142857215e-01
8.117142857142857215e-01
8.117142857142857215e-01
8.117142857142857215e-01
8.117142857142857215e-01
8.117142857142857215e-01
8.117142857142857215e-01
8.117142857142857215e-01
8.117142857142857215e-01
8.117142857142857215e-01
8.117142857142857215e-01
8.117142857142857215e-01
8.117142857142857215e-01
8.117142857142857215e-01
8.117142857142857215e-01
8.117142857142857215e-01
8.117142857142857215e-01
8.117142857142857215e-01
8.117142857142857215e-01
8.117142857142857215e-01
8.117142857142857215e-01
8.117142857142857215e-01
8.117142857142857215e-01
8.117142857142857215e-01
8.117142857142857215e-01
8.117142857142857215e-01
8.117142857142857215e-01
8.117142857142857215e-01
8.117142857142857215e-01
8.117142857142857215e-01
8.117142857142857215e-01
8.117142857142857215e-01
8.117142857142857215e-01
8.117142857142857215e-01
8.117142857142857215e-01
8.117142857142857215e-01
8.117142857142857215e-01
8.117142857142857215e-01
8.117142857142857215e-01
8.117142857142857215e-01
8.117142857142857215e-01
8.117142857142857215e-01
8.117142857142857215e-01
8.117142857142857215e-01
8.117142857142857215e-01
8.117142857142857215e-01
8.117142857142857215e-01
8.117142857142857215e-01
8.117142857142857215e-01
8.117142857142857215e-01
8.117142857142857215e-01
8.117142857142857215e-01
8.117142857142857215e-01
8.117142857142857215e-01
8.117142857142857215e-01
8.117142857142857215e-01
8.117142857142857215e-01
8.117142857142857215e-01
8.117142857142857215e-01
8.117142857142857215e-01
8.117142857142857215e-01
8.117142857142857215e-01
8.117142857142857215e-01
8.117142857142857215e-01
8.117142857142857215e-01
8.114285714285713880e-01
8.114285714285713880e-01
8.114285714285713880e-01
8.114285714285713880e-01
8.114285714285713880e-01
8.114285714285713880e-01
8.114285714285713880e-01
8.114285714285713880e-01
8.114285714285713880e-01
8.114285714285713880e-01
8.114285714285713880e-01
8.114285714285713880e-01
8.114285714285713880e-01
8.114285714285713880e-01
8.114285714285713880e-01
8.114285714285713880e-01
8.114285714285713880e-01
8.114285714285713880e-01
8.114285714285713880e-01
8.114285714285713880e-01
8.114285714285713880e-01
8.114285714285713880e-01
8.114285714285713880e-01
8.114285714285713880e-01
8.114285714285713880e-01
8.111428571428571654e-01
8.111428571428571654e-01
8.111428571428571654e-01
8.111428571428571654e-01
8.111428571428571654e-01
8.111428571428571654e-01
8.111428571428571654e-01
8.108571428571428319e-01
8.108571428571428319e-01
8.108571428571428319e-01
8.108571428571428319e-01
8.108571428571428319e-01
8.108571428571428319e-01
8.108571428571428319e-01
8.108571428571428319e-01
8.108571428571428319e-01
8.108571428571428319e-01
8.108571428571428319e-01
8.108571428571428319e-01
8.108571428571428319e-01
8.108571428571428319e-01
8.108571428571428319e-01
8.108571428571428319e-01
8.108571428571428319e-01
8.108571428571428319e-01
8.108571428571428319e-01
8.108571428571428319e-01
8.108571428571428319e-01
8.108571428571428319e-01
8.108571428571428319e-01
8.108571428571428319e-01
8.108571428571428319e-01
8.108571428571428319e-01
8.108571428571428319e-01
8.108571428571428319e-01
8.108571428571428319e-01
8.108571428571428319e-01
8.108571428571428319e-01
8.108571428571428319e-01
8.108571428571428319e-01
8.108571428571428319e-01
8.105714285714286094e-01
8.105714285714286094e-01
8.105714285714286094e-01
8.105714285714286094e-01
8.105714285714286094e-01
8.105714285714286094e-01
8.105714285714286094e-01
8.105714285714286094e-01
8.105714285714286094e-01
8.105714285714286094e-01
8.105714285714286094e-01
8.105714285714286094e-01
8.105714285714286094e-01
8.105714285714286094e-01
8.105714285714286094e-01
8.105714285714286094e-01
8.105714285714286094e-01
8.105714285714286094e-01
8.105714285714286094e-01
8.105714285714286094e-01
8.105714285714286094e-01
8.105714285714286094e-01
8.105714285714286094e-01
8.105714285714286094e-01
8.105714285714286094e-01
8.105714285714286094e-01
8.105714285714286094e-01
8.105714285714286094e-01
8.105714285714286094e-01
8.105714285714286094e-01
8.105714285714286094e-01
8.105714285714286094e-01
8.105714285714286094e-01
8.105714285714286094e-01
8.105714285714286094e-01
8.105714285714286094e-01
8.105714285714286094e-01
8.105714285714286094e-01
8.105714285714286094e-01
8.105714285714286094e-01
8.105714285714286094e-01
8.105714285714286094e-01
8.105714285714286094e-01
8.105714285714286094e-01
8.105714285714286094e-01
8.105714285714286094e-01
8.105714285714286094e-01
8.105714285714286094e-01
8.105714285714286094e-01
8.105714285714286094e-01
8.105714285714286094e-01
8.105714285714286094e-01
8.105714285714286094e-01
8.105714285714286094e-01
8.105714285714286094e-01
8.105714285714286094e-01
8.105714285714286094e-01
8.105714285714286094e-01
8.105714285714286094e-01
8.105714285714286094e-01
8.105714285714286094e-01
8.105714285714286094e-01
8.105714285714286094e-01
8.105714285714286094e-01
8.105714285714286094e-01
8.105714285714286094e-01
8.105714285714286094e-01
8.105714285714286094e-01
8.105714285714286094e-01
8.105714285714286094e-01
8.105714285714286094e-01
8.105714285714286094e-01
8.105714285714286094e-01
8.105714285714286094e-01
8.105714285714286094e-01
8.105714285714286094e-01
8.105714285714286094e-01
8.105714285714286094e-01
8.105714285714286094e-01
8.105714285714286094e-01
8.105714285714286094e-01
8.105714285714286094e-01
8.105714285714286094e-01
8.105714285714286094e-01
8.105714285714286094e-01
8.105714285714286094e-01
8.105714285714286094e-01
8.105714285714286094e-01
8.105714285714286094e-01
8.105714285714286094e-01
8.105714285714286094e-01
8.105714285714286094e-01
8.105714285714286094e-01
8.105714285714286094e-01
8.105714285714286094e-01
8.105714285714286094e-01
8.105714285714286094e-01
8.105714285714286094e-01
8.105714285714286094e-01
8.105714285714286094e-01
8.105714285714286094e-01
8.105714285714286094e-01
8.105714285714286094e-01
8.105714285714286094e-01
8.105714285714286094e-01
8.105714285714286094e-01
8.105714285714286094e-01
8.105714285714286094e-01
8.105714285714286094e-01
8.105714285714286094e-01
8.105714285714286094e-01
8.105714285714286094e-01
8.105714285714286094e-01
8.105714285714286094e-01
8.105714285714286094e-01
8.105714285714286094e-01
8.105714285714286094e-01
8.105714285714286094e-01
8.105714285714286094e-01
8.105714285714286094e-01
8.105714285714286094e-01
8.105714285714286094e-01
8.105714285714286094e-01
8.105714285714286094e-01
8.105714285714286094e-01
8.105714285714286094e-01
8.105714285714286094e-01
8.105714285714286094e-01
8.105714285714286094e-01
8.105714285714286094e-01
8.102857142857142758e-01
8.102857142857142758e-01
8.100000000000000533e-01
8.100000000000000533e-01
8.100000000000000533e-01
8.100000000000000533e-01
8.100000000000000533e-01
8.100000000000000533e-01
8.100000000000000533e-01
8.100000000000000533e-01
8.100000000000000533e-01
8.100000000000000533e-01
8.100000000000000533e-01
8.100000000000000533e-01
8.100000000000000533e-01
8.100000000000000533e-01
8.100000000000000533e-01
8.100000000000000533e-01
8.100000000000000533e-01
8.100000000000000533e-01
8.100000000000000533e-01
8.100000000000000533e-01
8.100000000000000533e-01
8.100000000000000533e-01
8.100000000000000533e-01
8.100000000000000533e-01
8.100000000000000533e-01
8.100000000000000533e-01
8.100000000000000533e-01
8.100000000000000533e-01
8.100000000000000533e-01
8.100000000000000533e-01
8.100000000000000533e-01
8.100000000000000533e-01
8.100000000000000533e-01
8.100000000000000533e-01
8.100000000000000533e-01
8.100000000000000533e-01
8.100000000000000533e-01
8.100000000000000533e-01
8.097142857142857197e-01
8.097142857142857197e-01
8.097142857142857197e-01
8.097142857142857197e-01
8.097142857142857197e-01
8.094285714285713862e-01
8.094285714285713862e-01
8.094285714285713862e-01
8.094285714285713862e-01
8.091428571428571637e-01
8.088571428571428301e-01
8.088571428571428301e-01
8.088571428571428301e-01
8.088571428571428301e-01
8.088571428571428301e-01
8.088571428571428301e-01
8.088571428571428301e-01
8.088571428571428301e-01
8.088571428571428301e-01
8.088571428571428301e-01
8.088571428571428301e-01
8.088571428571428301e-01
8.088571428571428301e-01
8.088571428571428301e-01
8.088571428571428301e-01
8.088571428571428301e-01
8.088571428571428301e-01
8.088571428571428301e-01
8.088571428571428301e-01
8.088571428571428301e-01
8.088571428571428301e-01
8.088571428571428301e-01
8.088571428571428301e-01
8.088571428571428301e-01
8.088571428571428301e-01
8.088571428571428301e-01
8.088571428571428301e-01
8.088571428571428301e-01
8.088571428571428301e-01
8.088571428571428301e-01
8.088571428571428301e-01
8.088571428571428301e-01
8.088571428571428301e-01
8.088571428571428301e-01
8.088571428571428301e-01
8.088571428571428301e-01
8.088571428571428301e-01
8.088571428571428301e-01
8.088571428571428301e-01
8.088571428571428301e-01
8.088571428571428301e-01
8.088571428571428301e-01
8.088571428571428301e-01
8.088571428571428301e-01
8.088571428571428301e-01
8.088571428571428301e-01
8.088571428571428301e-01
8.088571428571428301e-01
8.088571428571428301e-01
8.088571428571428301e-01
8.088571428571428301e-01
8.088571428571428301e-01
8.088571428571428301e-01
8.088571428571428301e-01
8.088571428571428301e-01
8.088571428571428301e-01
8.088571428571428301e-01
8.088571428571428301e-01
8.088571428571428301e-01
8.088571428571428301e-01
8.088571428571428301e-01
8.088571428571428301e-01
8.085714285714286076e-01
8.085714285714286076e-01
8.085714285714286076e-01
8.085714285714286076e-01
8.085714285714286076e-01
8.085714285714286076e-01
8.085714285714286076e-01
8.085714285714286076e-01
8.085714285714286076e-01
8.085714285714286076e-01
8.085714285714286076e-01
8.085714285714286076e-01
8.085714285714286076e-01
8.085714285714286076e-01
8.085714285714286076e-01
8.085714285714286076e-01
8.085714285714286076e-01
8.085714285714286076e-01
8.085714285714286076e-01
8.085714285714286076e-01
8.085714285714286076e-01
8.082857142857142740e-01
8.082857142857142740e-01
8.082857142857142740e-01
8.082857142857142740e-01
8.082857142857142740e-01
8.082857142857142740e-01
8.082857142857142740e-01
8.082857142857142740e-01
8.082857142857142740e-01
8.082857142857142740e-01
8.082857142857142740e-01
8.082857142857142740e-01
8.082857142857142740e-01
8.082857142857142740e-01
8.082857142857142740e-01
8.082857142857142740e-01
