1.640000000000000069e-01
1.640000000000000069e-01
1.640000000000000069e-01
1.640000000000000069e-01
1.640000000000000069e-01
1.640000000000000069e-01
1.640000000000000069e-01
1.640000000000000069e-01
1.640000000000000069e-01
1.640000000000000069e-01
1.640000000000000069e-01
1.640000000000000069e-01
1.640000000000000069e-01
1.640000000000000069e-01
1.640000000000000069e-01
1.640000000000000069e-01
1.640000000000000069e-01
1.640000000000000069e-01
1.640000000000000069e-01
1.640000000000000069e-01
1.640000000000000069e-01
1.640000000000000069e-01
1.640000000000000069e-01
1.640000000000000069e-01
1.640000000000000069e-01
1.640000000000000069e-01
1.640000000000000069e-01
1.640000000000000069e-01
1.640000000000000069e-01
1.640000000000000069e-01
1.640000000000000069e-01
1.640000000000000069e-01
1.640000000000000069e-01
1.640000000000000069e-01
1.640000000000000069e-01
1.640000000000000069e-01
1.640000000000000069e-01
1.640000000000000069e-01
1.640000000000000069e-01
1.640000000000000069e-01
1.640000000000000069e-01
1.640000000000000069e-01
1.640000000000000069e-01
1.640000000000000069e-01
1.640000000000000069e-01
1.640000000000000069e-01
1.640000000000000069e-01
1.640000000000000069e-01
1.640000000000000069e-01
1.640000000000000069e-01
1.640000000000000069e-01
1.640000000000000069e-01
1.640000000000000069e-01
1.640000000000000069e-01
1.640000000000000069e-01
1.640000000000000069e-01
1.637142857142857011e-01
1.637142857142857011e-01
1.637142857142857011e-01
1.637142857142857011e-01
1.637142857142857011e-01
1.637142857142857011e-01
1.637142857142857011e-01
1.637142857142857011e-01
1.634285714285714231e-01
1.634285714285714231e-01
1.634285714285714231e-01
1.634285714285714231e-01
1.634285714285714231e-01
1.634285714285714231e-01
1.631428571428571450e-01
1.631428571428571450e-01
1.631428571428571450e-01
1.631428571428571450e-01
1.631428571428571450e-01
1.631428571428571450e-01
1.631428571428571450e-01
1.631428571428571450e-01
1.631428571428571450e-01
1.631428571428571450e-01
1.631428571428571450e-01
1.631428571428571450e-01
1.631428571428571450e-01
1.631428571428571450e-01
1.631428571428571450e-01
1.631428571428571450e-01
1.631428571428571450e-01
1.631428571428571450e-01
1.625714285714285612e-01
1.625714285714285612e-01
1.625714285714285612e-01
1.625714285714285612e-01
1.625714285714285612e-01
1.625714285714285612e-01
1.625714285714285612e-01
1.625714285714285612e-01
1.625714285714285612e-01
1.625714285714285612e-01
1.625714285714285612e-01
1.625714285714285612e-01
1.625714285714285612e-01
1.625714285714285612e-01
1.625714285714285612e-01
1.625714285714285612e-01
1.625714285714285612e-01
1.625714285714285612e-01
1.625714285714285612e-01
1.625714285714285612e-01
1.625714285714285612e-01
1.625714285714285612e-01
1.622857142857142831e-01
1.622857142857142831e-01
1.622857142857142831e-01
1.622857142857142831e-01
1.622857142857142831e-01
1.622857142857142831e-01
1.622857142857142831e-01
1.622857142857142831e-01
1.622857142857142831e-01
1.622857142857142831e-01
1.622857142857142831e-01
1.622857142857142831e-01
1.622857142857142831e-01
1.620000000000000051e-01
1.620000000000000051e-01
1.620000000000000051e-01
1.617142857142857271e-01
1.617142857142857271e-01
1.617142857142857271e-01
1.617142857142857271e-01
1.614285714285714213e-01
1.611428571428571432e-01
1.611428571428571432e-01
1.611428571428571432e-01
1.611428571428571432e-01
1.611428571428571432e-01
1.611428571428571432e-01
1.608571428571428652e-01
1.605714285714285594e-01
1.605714285714285594e-01
1.605714285714285594e-01
1.605714285714285594e-01
1.605714285714285594e-01
1.605714285714285594e-01
1.605714285714285594e-01
1.605714285714285594e-01
1.605714285714285594e-01
1.605714285714285594e-01
1.605714285714285594e-01
1.605714285714285594e-01
1.605714285714285594e-01
1.605714285714285594e-01
1.605714285714285594e-01
1.605714285714285594e-01
1.605714285714285594e-01
1.605714285714285594e-01
1.605714285714285594e-01
1.605714285714285594e-01
1.605714285714285594e-01
1.605714285714285594e-01
1.605714285714285594e-01
1.605714285714285594e-01
1.605714285714285594e-01
1.605714285714285594e-01
1.605714285714285594e-01
1.605714285714285594e-01
1.605714285714285594e-01
1.605714285714285594e-01
1.605714285714285594e-01
1.602857142857142814e-01
1.602857142857142814e-01
1.600000000000000033e-01
1.600000000000000033e-01
1.594285714285714195e-01
1.594285714285714195e-01
1.594285714285714195e-01
1.591428571428571415e-01
1.591428571428571415e-01
1.591428571428571415e-01
1.591428571428571415e-01
1.591428571428571415e-01
1.591428571428571415e-01
1.591428571428571415e-01
1.591428571428571415e-01
1.591428571428571415e-01
1.591428571428571415e-01
1.591428571428571415e-01
1.591428571428571415e-01
1.591428571428571415e-01
1.591428571428571415e-01
1.591428571428571415e-01
1.591428571428571415e-01
1.588571428571428634e-01
1.588571428571428634e-01
1.588571428571428634e-01
1.588571428571428634e-01
1.588571428571428634e-01
1.588571428571428634e-01
1.588571428571428634e-01
1.588571428571428634e-01
1.588571428571428634e-01
1.588571428571428634e-01
1.588571428571428634e-01
1.588571428571428634e-01
1.588571428571428634e-01
1.588571428571428634e-01
1.588571428571428634e-01
1.588571428571428634e-01
1.588571428571428634e-01
1.588571428571428634e-01
1.588571428571428634e-01
1.588571428571428634e-01
1.588571428571428634e-01
1.588571428571428634e-01
1.588571428571428634e-01
1.588571428571428634e-01
1.588571428571428634e-01
1.585714285714285576e-01
1.582857142857142796e-01
1.580000000000000016e-01
1.580000000000000016e-01
1.580000000000000016e-01
1.580000000000000016e-01
1.580000000000000016e-01
1.580000000000000016e-01
1.580000000000000016e-01
1.580000000000000016e-01
1.580000000000000016e-01
1.580000000000000016e-01
1.580000000000000016e-01
1.580000000000000016e-01
1.580000000000000016e-01
1.580000000000000016e-01
1.580000000000000016e-01
1.580000000000000016e-01
1.580000000000000016e-01
1.580000000000000016e-01
1.580000000000000016e-01
1.580000000000000016e-01
1.580000000000000016e-01
1.580000000000000016e-01
1.580000000000000016e-01
1.580000000000000016e-01
1.580000000000000016e-01
1.580000000000000016e-01
1.580000000000000016e-01
1.580000000000000016e-01
1.580000000000000016e-01
1.580000000000000016e-01
1.580000000000000016e-01
1.580000000000000016e-01
1.580000000000000016e-01
1.580000000000000016e-01
1.580000000000000016e-01
1.580000000000000016e-01
1.580000000000000016e-01
1.580000000000000016e-01
1.577142857142857235e-01
1.577142857142857235e-01
1.577142857142857235e-01
1.577142857142857235e-01
1.577142857142857235e-01
1.577142857142857235e-01
1.577142857142857235e-01
1.577142857142857235e-01
1.577142857142857235e-01
1.577142857142857235e-01
1.577142857142857235e-01
1.577142857142857235e-01
1.577142857142857235e-01
1.577142857142857235e-01
1.577142857142857235e-01
1.577142857142857235e-01
1.577142857142857235e-01
1.577142857142857235e-01
1.577142857142857235e-01
1.577142857142857235e-01
1.577142857142857235e-01
1.577142857142857235e-01
1.577142857142857235e-01
1.577142857142857235e-01
1.577142857142857235e-01
1.577142857142857235e-01
1.577142857142857235e-01
1.577142857142857235e-01
1.577142857142857235e-01
1.577142857142857235e-01
1.577142857142857235e-01
1.577142857142857235e-01
1.577142857142857235e-01
1.577142857142857235e-01
1.577142857142857235e-01
1.577142857142857235e-01
1.577142857142857235e-01
1.577142857142857235e-01
1.577142857142857235e-01
1.577142857142857235e-01
1.577142857142857235e-01
1.577142857142857235e-01
1.577142857142857235e-01
1.574285714285714177e-01
1.574285714285714177e-01
1.574285714285714177e-01
1.574285714285714177e-01
1.574285714285714177e-01
1.574285714285714177e-01
1.574285714285714177e-01
1.574285714285714177e-01
1.574285714285714177e-01
1.574285714285714177e-01
1.574285714285714177e-01
1.574285714285714177e-01
1.574285714285714177e-01
1.574285714285714177e-01
1.574285714285714177e-01
1.574285714285714177e-01
1.574285714285714177e-01
1.574285714285714177e-01
1.574285714285714177e-01
1.574285714285714177e-01
1.574285714285714177e-01
1.574285714285714177e-01
1.574285714285714177e-01
1.574285714285714177e-01
1.574285714285714177e-01
1.574285714285714177e-01
1.574285714285714177e-01
1.574285714285714177e-01
1.574285714285714177e-01
1.574285714285714177e-01
1.574285714285714177e-01
1.574285714285714177e-01
1.574285714285714177e-01
1.574285714285714177e-01
1.574285714285714177e-01
1.574285714285714177e-01
1.574285714285714177e-01
1.574285714285714177e-01
1.574285714285714177e-01
1.574285714285714177e-01
1.574285714285714177e-01
1.574285714285714177e-01
1.574285714285714177e-01
1.574285714285714177e-01
1.574285714285714177e-01
1.574285714285714177e-01
1.574285714285714177e-01
1.574285714285714177e-01
1.571428571428571397e-01
1.571428571428571397e-01
1.571428571428571397e-01
1.571428571428571397e-01
1.571428571428571397e-01
1.571428571428571397e-01
1.571428571428571397e-01
1.571428571428571397e-01
1.571428571428571397e-01
1.571428571428571397e-01
1.571428571428571397e-01
1.571428571428571397e-01
1.571428571428571397e-01
1.571428571428571397e-01
1.571428571428571397e-01
1.571428571428571397e-01
1.571428571428571397e-01
1.571428571428571397e-01
1.571428571428571397e-01
1.571428571428571397e-01
1.568571428571428616e-01
1.568571428571428616e-01
1.568571428571428616e-01
1.568571428571428616e-01
1.568571428571428616e-01
1.568571428571428616e-01
1.568571428571428616e-01
1.568571428571428616e-01
1.568571428571428616e-01
1.568571428571428616e-01
1.568571428571428616e-01
1.568571428571428616e-01
1.568571428571428616e-01
1.568571428571428616e-01
1.565714285714285836e-01
1.565714285714285836e-01
1.565714285714285836e-01
1.565714285714285836e-01
1.565714285714285836e-01
1.565714285714285836e-01
1.565714285714285836e-01
1.565714285714285836e-01
1.565714285714285836e-01
1.565714285714285836e-01
1.565714285714285836e-01
1.565714285714285836e-01
1.565714285714285836e-01
1.565714285714285836e-01
1.562857142857142778e-01
1.562857142857142778e-01
1.562857142857142778e-01
1.562857142857142778e-01
1.562857142857142778e-01
1.562857142857142778e-01
1.562857142857142778e-01
1.559999999999999998e-01
1.559999999999999998e-01
1.559999999999999998e-01
1.559999999999999998e-01
1.559999999999999998e-01
1.559999999999999998e-01
1.559999999999999998e-01
1.559999999999999998e-01
1.559999999999999998e-01
1.559999999999999998e-01
1.559999999999999998e-01
1.557142857142857217e-01
1.557142857142857217e-01
1.557142857142857217e-01
1.557142857142857217e-01
1.554285714285714159e-01
1.554285714285714159e-01
1.554285714285714159e-01
1.554285714285714159e-01
1.554285714285714159e-01
1.554285714285714159e-01
1.554285714285714159e-01
1.554285714285714159e-01
1.554285714285714159e-01
1.554285714285714159e-01
1.554285714285714159e-01
1.554285714285714159e-01
1.554285714285714159e-01
1.554285714285714159e-01
1.554285714285714159e-01
1.554285714285714159e-01
1.554285714285714159e-01
1.551428571428571379e-01
1.551428571428571379e-01
1.551428571428571379e-01
1.548571428571428599e-01
1.548571428571428599e-01
1.548571428571428599e-01
1.548571428571428599e-01
1.548571428571428599e-01
1.548571428571428599e-01
1.548571428571428599e-01
1.548571428571428599e-01
1.545714285714285818e-01
1.545714285714285818e-01
1.545714285714285818e-01
1.545714285714285818e-01
1.545714285714285818e-01
1.545714285714285818e-01
1.545714285714285818e-01
1.545714285714285818e-01
1.545714285714285818e-01
1.545714285714285818e-01
1.545714285714285818e-01
1.545714285714285818e-01
1.545714285714285818e-01
1.542857142857142760e-01
1.542857142857142760e-01
1.542857142857142760e-01
1.542857142857142760e-01
1.542857142857142760e-01
1.542857142857142760e-01
1.542857142857142760e-01
1.542857142857142760e-01
1.542857142857142760e-01
1.542857142857142760e-01
1.542857142857142760e-01
1.542857142857142760e-01
1.542857142857142760e-01
1.542857142857142760e-01
1.542857142857142760e-01
1.542857142857142760e-01
1.542857142857142760e-01
1.542857142857142760e-01
1.542857142857142760e-01
1.542857142857142760e-01
1.542857142857142760e-01
1.542857142857142760e-01
1.542857142857142760e-01
1.542857142857142760e-01
1.542857142857142760e-01
1.542857142857142760e-01
1.542857142857142760e-01
1.542857142857142760e-01
1.542857142857142760e-01
1.542857142857142760e-01
1.542857142857142760e-01
1.542857142857142760e-01
1.542857142857142760e-01
1.542857142857142760e-01
1.542857142857142760e-01
1.542857142857142760e-01
1.542857142857142760e-01
1.542857142857142760e-01
1.542857142857142760e-01
1.542857142857142760e-01
1.539999999999999980e-01
1.539999999999999980e-01
1.539999999999999980e-01
1.539999999999999980e-01
1.539999999999999980e-01
1.539999999999999980e-01
1.539999999999999980e-01
1.539999999999999980e-01
1.539999999999999980e-01
1.539999999999999980e-01
1.539999999999999980e-01
1.539999999999999980e-01
1.539999999999999980e-01
1.539999999999999980e-01
1.539999999999999980e-01
1.539999999999999980e-01
1.539999999999999980e-01
1.539999999999999980e-01
1.539999999999999980e-01
1.539999999999999980e-01
1.539999999999999980e-01
1.539999999999999980e-01
1.539999999999999980e-01
1.539999999999999980e-01
1.539999999999999980e-01
1.539999999999999980e-01
1.539999999999999980e-01
1.539999999999999980e-01
1.539999999999999980e-01
1.539999999999999980e-01
1.539999999999999980e-01
1.539999999999999980e-01
1.539999999999999980e-01
1.539999999999999980e-01
1.539999999999999980e-01
1.539999999999999980e-01
1.539999999999999980e-01
1.539999999999999980e-01
1.539999999999999980e-01
1.539999999999999980e-01
1.539999999999999980e-01
1.539999999999999980e-01
1.537142857142857200e-01
1.537142857142857200e-01
1.537142857142857200e-01
1.534285714285714419e-01
1.534285714285714419e-01
1.534285714285714419e-01
1.534285714285714419e-01
1.534285714285714419e-01
1.534285714285714419e-01
1.534285714285714419e-01
1.534285714285714419e-01
1.534285714285714419e-01
1.534285714285714419e-01
1.534285714285714419e-01
1.534285714285714419e-01
1.534285714285714419e-01
1.534285714285714419e-01
1.534285714285714419e-01
1.534285714285714419e-01
1.534285714285714419e-01
1.534285714285714419e-01
1.534285714285714419e-01
1.534285714285714419e-01
1.534285714285714419e-01
1.534285714285714419e-01
1.534285714285714419e-01
1.534285714285714419e-01
1.534285714285714419e-01
1.534285714285714419e-01
1.534285714285714419e-01
1.534285714285714419e-01
1.534285714285714419e-01
1.531428571428571361e-01
1.528571428571428581e-01
1.528571428571428581e-01
1.528571428571428581e-01
1.528571428571428581e-01
1.528571428571428581e-01
1.528571428571428581e-01
1.528571428571428581e-01
1.528571428571428581e-01
1.528571428571428581e-01
1.528571428571428581e-01
1.528571428571428581e-01
1.528571428571428581e-01
1.528571428571428581e-01
1.528571428571428581e-01
1.528571428571428581e-01
1.528571428571428581e-01
1.528571428571428581e-01
1.528571428571428581e-01
1.528571428571428581e-01
1.528571428571428581e-01
1.528571428571428581e-01
1.528571428571428581e-01
1.528571428571428581e-01
1.528571428571428581e-01
1.528571428571428581e-01
1.528571428571428581e-01
1.528571428571428581e-01
1.528571428571428581e-01
1.528571428571428581e-01
1.522857142857142743e-01
1.522857142857142743e-01
1.519999999999999962e-01
1.519999999999999962e-01
1.519999999999999962e-01
1.519999999999999962e-01
1.519999999999999962e-01
1.519999999999999962e-01
1.519999999999999962e-01
1.519999999999999962e-01
1.519999999999999962e-01
1.519999999999999962e-01
1.519999999999999962e-01
1.519999999999999962e-01
1.519999999999999962e-01
1.519999999999999962e-01
1.519999999999999962e-01
1.519999999999999962e-01
1.519999999999999962e-01
1.519999999999999962e-01
1.519999999999999962e-01
1.519999999999999962e-01
1.519999999999999962e-01
1.519999999999999962e-01
1.519999999999999962e-01
1.519999999999999962e-01
1.519999999999999962e-01
1.519999999999999962e-01
1.519999999999999962e-01
1.519999999999999962e-01
1.519999999999999962e-01
1.519999999999999962e-01
1.519999999999999962e-01
1.519999999999999962e-01
1.519999999999999962e-01
1.519999999999999962e-01
1.519999999999999962e-01
1.519999999999999962e-01
1.519999999999999962e-01
1.519999999999999962e-01
1.519999999999999962e-01
1.519999999999999962e-01
1.519999999999999962e-01
1.519999999999999962e-01
1.519999999999999962e-01
1.519999999999999962e-01
1.519999999999999962e-01
1.519999999999999962e-01
1.519999999999999962e-01
1.519999999999999962e-01
1.519999999999999962e-01
1.519999999999999962e-01
1.519999999999999962e-01
1.519999999999999962e-01
1.519999999999999962e-01
1.519999999999999962e-01
1.519999999999999962e-01
1.519999999999999962e-01
1.519999999999999962e-01
1.519999999999999962e-01
1.519999999999999962e-01
1.519999999999999962e-01
1.519999999999999962e-01
1.519999999999999962e-01
1.519999999999999962e-01
1.519999999999999962e-01
1.519999999999999962e-01
1.519999999999999962e-01
1.519999999999999962e-01
1.519999999999999962e-01
1.519999999999999962e-01
1.519999999999999962e-01
1.519999999999999962e-01
1.519999999999999962e-01
1.519999999999999962e-01
1.519999999999999962e-01
1.519999999999999962e-01
1.519999999999999962e-01
1.519999999999999962e-01
1.519999999999999962e-01
1.519999999999999962e-01
1.519999999999999962e-01
1.519999999999999962e-01
1.519999999999999962e-01
1.519999999999999962e-01
1.519999999999999962e-01
1.517142857142857182e-01
1.517142857142857182e-01
1.517142857142857182e-01
1.517142857142857182e-01
1.517142857142857182e-01
1.517142857142857182e-01
1.517142857142857182e-01
1.517142857142857182e-01
1.517142857142857182e-01
1.517142857142857182e-01
1.517142857142857182e-01
1.517142857142857182e-01
1.514285714285714401e-01
1.514285714285714401e-01
1.514285714285714401e-01
1.514285714285714401e-01
1.514285714285714401e-01
1.514285714285714401e-01
1.514285714285714401e-01
1.514285714285714401e-01
1.514285714285714401e-01
1.514285714285714401e-01
1.514285714285714401e-01
1.514285714285714401e-01
1.514285714285714401e-01
1.514285714285714401e-01
1.514285714285714401e-01
1.514285714285714401e-01
1.514285714285714401e-01
1.514285714285714401e-01
1.514285714285714401e-01
1.514285714285714401e-01
1.514285714285714401e-01
1.514285714285714401e-01
1.514285714285714401e-01
1.514285714285714401e-01
1.514285714285714401e-01
1.514285714285714401e-01
1.514285714285714401e-01
1.514285714285714401e-01
1.511428571428571344e-01
1.511428571428571344e-01
1.511428571428571344e-01
1.508571428571428563e-01
1.508571428571428563e-01
1.508571428571428563e-01
1.508571428571428563e-01
1.508571428571428563e-01
1.508571428571428563e-01
1.508571428571428563e-01
1.508571428571428563e-01
1.508571428571428563e-01
1.508571428571428563e-01
1.508571428571428563e-01
1.508571428571428563e-01
1.505714285714285783e-01
1.505714285714285783e-01
1.505714285714285783e-01
1.505714285714285783e-01
1.505714285714285783e-01
1.505714285714285783e-01
1.505714285714285783e-01
1.502857142857142725e-01
1.499999999999999944e-01
1.499999999999999944e-01
1.499999999999999944e-01
1.499999999999999944e-01
1.499999999999999944e-01
1.499999999999999944e-01
1.499999999999999944e-01
1.499999999999999944e-01
1.499999999999999944e-01
1.499999999999999944e-01
1.499999999999999944e-01
1.499999999999999944e-01
1.499999999999999944e-01
1.499999999999999944e-01
1.499999999999999944e-01
1.499999999999999944e-01
1.499999999999999944e-01
1.499999999999999944e-01
1.499999999999999944e-01
1.497142857142857164e-01
1.497142857142857164e-01
1.497142857142857164e-01
1.497142857142857164e-01
1.497142857142857164e-01
1.497142857142857164e-01
1.497142857142857164e-01
1.497142857142857164e-01
1.497142857142857164e-01
1.497142857142857164e-01
1.497142857142857164e-01
1.497142857142857164e-01
1.497142857142857164e-01
1.497142857142857164e-01
1.497142857142857164e-01
1.497142857142857164e-01
1.497142857142857164e-01
1.497142857142857164e-01
1.497142857142857164e-01
1.497142857142857164e-01
1.497142857142857164e-01
1.497142857142857164e-01
1.497142857142857164e-01
1.497142857142857164e-01
1.497142857142857164e-01
1.497142857142857164e-01
1.497142857142857164e-01
1.497142857142857164e-01
1.497142857142857164e-01
1.497142857142857164e-01
1.497142857142857164e-01
1.497142857142857164e-01
1.497142857142857164e-01
1.497142857142857164e-01
1.497142857142857164e-01
1.497142857142857164e-01
1.497142857142857164e-01
1.497142857142857164e-01
1.494285714285714384e-01
1.494285714285714384e-01
1.494285714285714384e-01
1.494285714285714384e-01
1.494285714285714384e-01
1.494285714285714384e-01
1.494285714285714384e-01
1.494285714285714384e-01
1.494285714285714384e-01
1.494285714285714384e-01
1.494285714285714384e-01
1.494285714285714384e-01
1.494285714285714384e-01
1.494285714285714384e-01
1.491428571428571326e-01
1.491428571428571326e-01
1.491428571428571326e-01
1.488571428571428545e-01
1.488571428571428545e-01
1.488571428571428545e-01
1.488571428571428545e-01
1.488571428571428545e-01
1.488571428571428545e-01
1.485714285714285765e-01
1.485714285714285765e-01
1.485714285714285765e-01
1.485714285714285765e-01
1.485714285714285765e-01
1.485714285714285765e-01
1.485714285714285765e-01
1.485714285714285765e-01
1.485714285714285765e-01
1.485714285714285765e-01
1.485714285714285765e-01
1.485714285714285765e-01
1.485714285714285765e-01
1.485714285714285765e-01
1.485714285714285765e-01
1.485714285714285765e-01
1.485714285714285765e-01
1.485714285714285765e-01
1.485714285714285765e-01
1.485714285714285765e-01
1.485714285714285765e-01
1.485714285714285765e-01
1.485714285714285765e-01
1.485714285714285765e-01
1.485714285714285765e-01
1.485714285714285765e-01
1.485714285714285765e-01
1.485714285714285765e-01
1.485714285714285765e-01
1.485714285714285765e-01
1.485714285714285765e-01
1.485714285714285765e-01
1.485714285714285765e-01
1.485714285714285765e-01
1.485714285714285765e-01
1.485714285714285765e-01
1.485714285714285765e-01
1.485714285714285765e-01
1.485714285714285765e-01
1.485714285714285765e-01
1.485714285714285765e-01
1.485714285714285765e-01
1.485714285714285765e-01
1.485714285714285765e-01
1.485714285714285765e-01
1.485714285714285765e-01
1.485714285714285765e-01
1.485714285714285765e-01
1.485714285714285765e-01
1.485714285714285765e-01
1.485714285714285765e-01
1.485714285714285765e-01
1.485714285714285765e-01
1.485714285714285765e-01
1.485714285714285765e-01
1.485714285714285765e-01
1.485714285714285765e-01
1.485714285714285765e-01
1.485714285714285765e-01
1.485714285714285765e-01
1.485714285714285765e-01
1.485714285714285765e-01
1.485714285714285765e-01
1.485714285714285765e-01
1.485714285714285765e-01
1.485714285714285765e-01
1.485714285714285765e-01
1.485714285714285765e-01
1.485714285714285765e-01
1.485714285714285765e-01
1.485714285714285765e-01
1.485714285714285765e-01
1.485714285714285765e-01
1.485714285714285765e-01
1.485714285714285765e-01
1.482857142857142985e-01
1.482857142857142985e-01
1.482857142857142985e-01
1.482857142857142985e-01
1.482857142857142985e-01
1.482857142857142985e-01
1.482857142857142985e-01
1.482857142857142985e-01
1.482857142857142985e-01
1.482857142857142985e-01
1.482857142857142985e-01
1.482857142857142985e-01
1.482857142857142985e-01
1.482857142857142985e-01
1.482857142857142985e-01
1.482857142857142985e-01
1.482857142857142985e-01
1.482857142857142985e-01
1.482857142857142985e-01
1.482857142857142985e-01
1.482857142857142985e-01
1.482857142857142985e-01
1.482857142857142985e-01
1.482857142857142985e-01
1.482857142857142985e-01
1.482857142857142985e-01
1.482857142857142985e-01
1.482857142857142985e-01
1.482857142857142985e-01
1.482857142857142985e-01
1.482857142857142985e-01
1.482857142857142985e-01
1.482857142857142985e-01
1.482857142857142985e-01
1.482857142857142985e-01
1.482857142857142985e-01
1.482857142857142985e-01
1.482857142857142985e-01
1.482857142857142985e-01
1.482857142857142985e-01
1.482857142857142985e-01
1.482857142857142985e-01
1.482857142857142985e-01
1.482857142857142985e-01
1.482857142857142985e-01
1.482857142857142985e-01
1.479999999999999927e-01
1.479999999999999927e-01
1.479999999999999927e-01
1.479999999999999927e-01
1.479999999999999927e-01
1.479999999999999927e-01
1.479999999999999927e-01
1.479999999999999927e-01
1.479999999999999927e-01
1.479999999999999927e-01
1.479999999999999927e-01
1.479999999999999927e-01
1.479999999999999927e-01
1.479999999999999927e-01
1.479999999999999927e-01
1.479999999999999927e-01
1.479999999999999927e-01
1.479999999999999927e-01
1.479999999999999927e-01
1.479999999999999927e-01
1.479999999999999927e-01
1.477142857142857146e-01
1.474285714285714366e-01
1.474285714285714366e-01
1.474285714285714366e-01
1.474285714285714366e-01
1.474285714285714366e-01
1.474285714285714366e-01
1.474285714285714366e-01
1.474285714285714366e-01
1.474285714285714366e-01
1.474285714285714366e-01
1.474285714285714366e-01
1.474285714285714366e-01
1.471428571428571308e-01
1.471428571428571308e-01
1.471428571428571308e-01
1.471428571428571308e-01
1.471428571428571308e-01
1.471428571428571308e-01
1.471428571428571308e-01
1.471428571428571308e-01
1.471428571428571308e-01
1.471428571428571308e-01
1.471428571428571308e-01
1.471428571428571308e-01
1.471428571428571308e-01
1.468571428571428528e-01
1.468571428571428528e-01
1.468571428571428528e-01
1.465714285714285747e-01
1.465714285714285747e-01
1.465714285714285747e-01
1.465714285714285747e-01
1.465714285714285747e-01
1.465714285714285747e-01
1.465714285714285747e-01
1.465714285714285747e-01
1.465714285714285747e-01
1.465714285714285747e-01
1.465714285714285747e-01
1.465714285714285747e-01
1.465714285714285747e-01
1.465714285714285747e-01
1.465714285714285747e-01
1.465714285714285747e-01
1.465714285714285747e-01
1.465714285714285747e-01
1.465714285714285747e-01
1.465714285714285747e-01
1.465714285714285747e-01
1.465714285714285747e-01
1.465714285714285747e-01
1.465714285714285747e-01
1.465714285714285747e-01
1.465714285714285747e-01
1.465714285714285747e-01
1.465714285714285747e-01
1.465714285714285747e-01
1.465714285714285747e-01
1.465714285714285747e-01
1.465714285714285747e-01
1.465714285714285747e-01
1.465714285714285747e-01
1.465714285714285747e-01
1.465714285714285747e-01
1.465714285714285747e-01
1.465714285714285747e-01
1.465714285714285747e-01
1.465714285714285747e-01
1.465714285714285747e-01
1.465714285714285747e-01
1.465714285714285747e-01
1.465714285714285747e-01
1.465714285714285747e-01
1.465714285714285747e-01
1.465714285714285747e-01
1.465714285714285747e-01
1.465714285714285747e-01
1.465714285714285747e-01
1.465714285714285747e-01
1.465714285714285747e-01
1.465714285714285747e-01
1.462857142857142967e-01
1.462857142857142967e-01
1.462857142857142967e-01
1.462857142857142967e-01
1.462857142857142967e-01
1.462857142857142967e-01
1.462857142857142967e-01
1.462857142857142967e-01
1.462857142857142967e-01
1.462857142857142967e-01
1.462857142857142967e-01
1.459999999999999909e-01
1.459999999999999909e-01
1.459999999999999909e-01
1.459999999999999909e-01
1.459999999999999909e-01
1.459999999999999909e-01
1.459999999999999909e-01
1.459999999999999909e-01
1.459999999999999909e-01
1.459999999999999909e-01
1.459999999999999909e-01
1.459999999999999909e-01
1.459999999999999909e-01
1.459999999999999909e-01
1.459999999999999909e-01
1.459999999999999909e-01
1.459999999999999909e-01
1.459999999999999909e-01
1.459999999999999909e-01
1.459999999999999909e-01
1.459999999999999909e-01
1.459999999999999909e-01
1.459999999999999909e-01
1.459999999999999909e-01
1.459999999999999909e-01
1.459999999999999909e-01
1.459999999999999909e-01
1.459999999999999909e-01
1.459999999999999909e-01
1.459999999999999909e-01
1.459999999999999909e-01
1.459999999999999909e-01
1.459999999999999909e-01
1.459999999999999909e-01
1.459999999999999909e-01
1.459999999999999909e-01
1.459999999999999909e-01
1.459999999999999909e-01
1.459999999999999909e-01
1.459999999999999909e-01
1.459999999999999909e-01
1.459999999999999909e-01
1.459999999999999909e-01
1.459999999999999909e-01
1.459999999999999909e-01
1.459999999999999909e-01
1.459999999999999909e-01
1.459999999999999909e-01
1.459999999999999909e-01
1.459999999999999909e-01
1.459999999999999909e-01
1.459999999999999909e-01
1.459999999999999909e-01
1.459999999999999909e-01
1.459999999999999909e-01
1.459999999999999909e-01
1.459999999999999909e-01
1.459999999999999909e-01
1.459999999999999909e-01
1.459999999999999909e-01
1.459999999999999909e-01
1.459999999999999909e-01
1.459999999999999909e-01
1.459999999999999909e-01
1.459999999999999909e-01
1.459999999999999909e-01
1.459999999999999909e-01
1.459999999999999909e-01
1.459999999999999909e-01
1.459999999999999909e-01
1.459999999999999909e-01
1.459999999999999909e-01
1.459999999999999909e-01
1.459999999999999909e-01
1.457142857142857129e-01
1.457142857142857129e-01
1.457142857142857129e-01
1.457142857142857129e-01
1.457142857142857129e-01
1.457142857142857129e-01
1.457142857142857129e-01
1.454285714285714348e-01
1.454285714285714348e-01
1.454285714285714348e-01
1.454285714285714348e-01
1.454285714285714348e-01
1.454285714285714348e-01
1.454285714285714348e-01
1.454285714285714348e-01
1.454285714285714348e-01
1.454285714285714348e-01
1.454285714285714348e-01
1.454285714285714348e-01
1.454285714285714348e-01
1.454285714285714348e-01
1.454285714285714348e-01
1.454285714285714348e-01
1.454285714285714348e-01
1.454285714285714348e-01
1.454285714285714348e-01
1.454285714285714348e-01
1.454285714285714348e-01
1.454285714285714348e-01
1.454285714285714348e-01
1.454285714285714348e-01
1.454285714285714348e-01
1.454285714285714348e-01
1.454285714285714348e-01
1.454285714285714348e-01
1.454285714285714348e-01
1.454285714285714348e-01
1.454285714285714348e-01
1.454285714285714348e-01
1.454285714285714348e-01
1.454285714285714348e-01
1.454285714285714348e-01
1.454285714285714348e-01
1.454285714285714348e-01
1.454285714285714348e-01
1.454285714285714348e-01
1.454285714285714348e-01
1.454285714285714348e-01
1.454285714285714348e-01
1.454285714285714348e-01
1.454285714285714348e-01
1.454285714285714348e-01
1.454285714285714348e-01
1.454285714285714348e-01
1.454285714285714348e-01
1.454285714285714348e-01
1.454285714285714348e-01
1.454285714285714348e-01
1.451428571428571290e-01
1.451428571428571290e-01
1.451428571428571290e-01
1.451428571428571290e-01
1.451428571428571290e-01
1.451428571428571290e-01
1.451428571428571290e-01
1.451428571428571290e-01
1.451428571428571290e-01
1.451428571428571290e-01
1.451428571428571290e-01
1.451428571428571290e-01
1.451428571428571290e-01
1.451428571428571290e-01
1.451428571428571290e-01
1.451428571428571290e-01
1.451428571428571290e-01
1.451428571428571290e-01
1.451428571428571290e-01
1.448571428571428510e-01
1.448571428571428510e-01
1.448571428571428510e-01
1.448571428571428510e-01
1.448571428571428510e-01
1.448571428571428510e-01
1.448571428571428510e-01
1.448571428571428510e-01
1.448571428571428510e-01
1.445714285714285730e-01
1.445714285714285730e-01
1.445714285714285730e-01
1.445714285714285730e-01
1.445714285714285730e-01
1.445714285714285730e-01
1.445714285714285730e-01
1.445714285714285730e-01
1.445714285714285730e-01
1.445714285714285730e-01
1.445714285714285730e-01
1.445714285714285730e-01
1.445714285714285730e-01
1.445714285714285730e-01
1.445714285714285730e-01
1.445714285714285730e-01
1.445714285714285730e-01
1.445714285714285730e-01
1.445714285714285730e-01
1.445714285714285730e-01
1.445714285714285730e-01
1.445714285714285730e-01
1.445714285714285730e-01
1.445714285714285730e-01
1.445714285714285730e-01
1.445714285714285730e-01
1.445714285714285730e-01
1.445714285714285730e-01
1.445714285714285730e-01
1.445714285714285730e-01
1.445714285714285730e-01
1.445714285714285730e-01
1.445714285714285730e-01
1.445714285714285730e-01
1.445714285714285730e-01
1.445714285714285730e-01
1.445714285714285730e-01
1.445714285714285730e-01
1.445714285714285730e-01
1.445714285714285730e-01
1.445714285714285730e-01
1.445714285714285730e-01
1.445714285714285730e-01
1.442857142857142949e-01
1.442857142857142949e-01
1.442857142857142949e-01
1.442857142857142949e-01
1.442857142857142949e-01
1.442857142857142949e-01
1.442857142857142949e-01
1.442857142857142949e-01
1.442857142857142949e-01
1.442857142857142949e-01
1.442857142857142949e-01
1.442857142857142949e-01
1.439999999999999891e-01
1.439999999999999891e-01
1.439999999999999891e-01
1.439999999999999891e-01
1.439999999999999891e-01
1.439999999999999891e-01
1.439999999999999891e-01
1.439999999999999891e-01
1.439999999999999891e-01
1.439999999999999891e-01
1.439999999999999891e-01
1.439999999999999891e-01
1.439999999999999891e-01
1.439999999999999891e-01
1.439999999999999891e-01
1.439999999999999891e-01
1.439999999999999891e-01
1.437142857142857111e-01
1.437142857142857111e-01
1.437142857142857111e-01
1.437142857142857111e-01
1.437142857142857111e-01
1.437142857142857111e-01
1.437142857142857111e-01
1.437142857142857111e-01
1.437142857142857111e-01
1.437142857142857111e-01
1.437142857142857111e-01
1.437142857142857111e-01
1.437142857142857111e-01
1.437142857142857111e-01
1.437142857142857111e-01
1.437142857142857111e-01
1.437142857142857111e-01
1.437142857142857111e-01
1.437142857142857111e-01
1.437142857142857111e-01
1.437142857142857111e-01
1.437142857142857111e-01
1.437142857142857111e-01
1.437142857142857111e-01
1.437142857142857111e-01
1.437142857142857111e-01
1.437142857142857111e-01
1.437142857142857111e-01
1.437142857142857111e-01
1.437142857142857111e-01
1.437142857142857111e-01
1.437142857142857111e-01
1.437142857142857111e-01
1.437142857142857111e-01
1.437142857142857111e-01
1.437142857142857111e-01
1.437142857142857111e-01
1.437142857142857111e-01
1.437142857142857111e-01
1.437142857142857111e-01
1.437142857142857111e-01
1.437142857142857111e-01
1.437142857142857111e-01
1.437142857142857111e-01
1.437142857142857111e-01
1.437142857142857111e-01
1.437142857142857111e-01
1.437142857142857111e-01
1.437142857142857111e-01
1.437142857142857111e-01
1.437142857142857111e-01
1.437142857142857111e-01
1.437142857142857111e-01
1.437142857142857111e-01
1.437142857142857111e-01
1.437142857142857111e-01
1.437142857142857111e-01
1.437142857142857111e-01
1.437142857142857111e-01
1.437142857142857111e-01
1.437142857142857111e-01
1.437142857142857111e-01
1.437142857142857111e-01
1.437142857142857111e-01
1.437142857142857111e-01
1.437142857142857111e-01
1.437142857142857111e-01
1.437142857142857111e-01
1.437142857142857111e-01
1.437142857142857111e-01
1.437142857142857111e-01
1.437142857142857111e-01
1.437142857142857111e-01
1.437142857142857111e-01
1.437142857142857111e-01
1.437142857142857111e-01
1.437142857142857111e-01
1.437142857142857111e-01
1.437142857142857111e-01
1.437142857142857111e-01
1.437142857142857111e-01
1.437142857142857111e-01
1.437142857142857111e-01
1.437142857142857111e-01
1.437142857142857111e-01
1.437142857142857111e-01
1.437142857142857111e-01
1.437142857142857111e-01
1.437142857142857111e-01
1.437142857142857111e-01
1.437142857142857111e-01
1.437142857142857111e-01
1.437142857142857111e-01
1.437142857142857111e-01
1.437142857142857111e-01
1.437142857142857111e-01
1.437142857142857111e-01
1.437142857142857111e-01
1.437142857142857111e-01
1.437142857142857111e-01
1.437142857142857111e-01
1.434285714285714330e-01
1.434285714285714330e-01
1.434285714285714330e-01
1.434285714285714330e-01
1.434285714285714330e-01
1.434285714285714330e-01
1.434285714285714330e-01
1.434285714285714330e-01
1.434285714285714330e-01
1.434285714285714330e-01
1.434285714285714330e-01
1.434285714285714330e-01
1.434285714285714330e-01
1.434285714285714330e-01
1.434285714285714330e-01
1.434285714285714330e-01
1.434285714285714330e-01
1.434285714285714330e-01
1.434285714285714330e-01
1.434285714285714330e-01
1.434285714285714330e-01
1.434285714285714330e-01
1.434285714285714330e-01
1.434285714285714330e-01
1.434285714285714330e-01
1.434285714285714330e-01
1.434285714285714330e-01
1.434285714285714330e-01
1.434285714285714330e-01
1.434285714285714330e-01
1.434285714285714330e-01
1.434285714285714330e-01
1.434285714285714330e-01
1.434285714285714330e-01
1.434285714285714330e-01
1.434285714285714330e-01
1.434285714285714330e-01
1.434285714285714330e-01
1.434285714285714330e-01
1.434285714285714330e-01
1.434285714285714330e-01
1.434285714285714330e-01
1.434285714285714330e-01
1.434285714285714330e-01
1.434285714285714330e-01
1.434285714285714330e-01
1.434285714285714330e-01
1.434285714285714330e-01
1.431428571428571550e-01
1.428571428571428492e-01
1.428571428571428492e-01
1.428571428571428492e-01
1.428571428571428492e-01
1.428571428571428492e-01
1.428571428571428492e-01
1.428571428571428492e-01
1.428571428571428492e-01
1.428571428571428492e-01
1.428571428571428492e-01
1.428571428571428492e-01
1.428571428571428492e-01
1.428571428571428492e-01
1.428571428571428492e-01
1.428571428571428492e-01
1.428571428571428492e-01
1.428571428571428492e-01
1.428571428571428492e-01
1.428571428571428492e-01
1.428571428571428492e-01
1.428571428571428492e-01
1.428571428571428492e-01
1.428571428571428492e-01
1.428571428571428492e-01
1.428571428571428492e-01
1.428571428571428492e-01
1.428571428571428492e-01
1.428571428571428492e-01
1.428571428571428492e-01
1.428571428571428492e-01
1.428571428571428492e-01
1.428571428571428492e-01
1.428571428571428492e-01
1.428571428571428492e-01
1.428571428571428492e-01
1.428571428571428492e-01
1.428571428571428492e-01
1.428571428571428492e-01
1.428571428571428492e-01
1.428571428571428492e-01
1.428571428571428492e-01
1.428571428571428492e-01
1.428571428571428492e-01
1.428571428571428492e-01
1.428571428571428492e-01
1.428571428571428492e-01
1.428571428571428492e-01
1.428571428571428492e-01
1.428571428571428492e-01
1.428571428571428492e-01
1.428571428571428492e-01
1.428571428571428492e-01
1.428571428571428492e-01
1.428571428571428492e-01
1.428571428571428492e-01
1.428571428571428492e-01
1.428571428571428492e-01
1.428571428571428492e-01
1.428571428571428492e-01
1.428571428571428492e-01
1.428571428571428492e-01
1.428571428571428492e-01
1.428571428571428492e-01
1.428571428571428492e-01
1.428571428571428492e-01
1.428571428571428492e-01
1.428571428571428492e-01
1.428571428571428492e-01
1.428571428571428492e-01
1.428571428571428492e-01
1.428571428571428492e-01
1.428571428571428492e-01
1.428571428571428492e-01
1.425714285714285712e-01
1.425714285714285712e-01
1.425714285714285712e-01
1.425714285714285712e-01
1.425714285714285712e-01
1.425714285714285712e-01
1.425714285714285712e-01
1.422857142857142931e-01
1.422857142857142931e-01
1.422857142857142931e-01
1.422857142857142931e-01
1.422857142857142931e-01
1.422857142857142931e-01
1.422857142857142931e-01
1.422857142857142931e-01
1.422857142857142931e-01
1.422857142857142931e-01
1.422857142857142931e-01
1.422857142857142931e-01
1.422857142857142931e-01
1.422857142857142931e-01
1.422857142857142931e-01
1.422857142857142931e-01
1.422857142857142931e-01
1.422857142857142931e-01
1.422857142857142931e-01
1.422857142857142931e-01
1.422857142857142931e-01
1.422857142857142931e-01
1.422857142857142931e-01
1.422857142857142931e-01
1.422857142857142931e-01
1.422857142857142931e-01
1.422857142857142931e-01
1.422857142857142931e-01
1.422857142857142931e-01
1.422857142857142931e-01
1.422857142857142931e-01
1.422857142857142931e-01
1.422857142857142931e-01
1.422857142857142931e-01
1.422857142857142931e-01
1.422857142857142931e-01
1.422857142857142931e-01
1.422857142857142931e-01
1.422857142857142931e-01
1.422857142857142931e-01
1.422857142857142931e-01
1.422857142857142931e-01
1.422857142857142931e-01
1.422857142857142931e-01
1.422857142857142931e-01
1.422857142857142931e-01
1.419999999999999873e-01
1.419999999999999873e-01
1.419999999999999873e-01
1.419999999999999873e-01
1.419999999999999873e-01
1.419999999999999873e-01
1.419999999999999873e-01
1.419999999999999873e-01
1.419999999999999873e-01
1.419999999999999873e-01
1.419999999999999873e-01
1.419999999999999873e-01
1.419999999999999873e-01
1.419999999999999873e-01
1.419999999999999873e-01
1.419999999999999873e-01
1.419999999999999873e-01
1.419999999999999873e-01
1.419999999999999873e-01
1.419999999999999873e-01
1.419999999999999873e-01
1.419999999999999873e-01
1.419999999999999873e-01
1.419999999999999873e-01
1.419999999999999873e-01
1.419999999999999873e-01
1.419999999999999873e-01
1.419999999999999873e-01
1.419999999999999873e-01
1.419999999999999873e-01
1.419999999999999873e-01
1.419999999999999873e-01
1.419999999999999873e-01
1.419999999999999873e-01
1.419999999999999873e-01
1.419999999999999873e-01
1.419999999999999873e-01
1.419999999999999873e-01
1.419999999999999873e-01
1.419999999999999873e-01
1.419999999999999873e-01
1.419999999999999873e-01
1.419999999999999873e-01
1.419999999999999873e-01
1.419999999999999873e-01
1.419999999999999873e-01
1.419999999999999873e-01
1.419999999999999873e-01
1.419999999999999873e-01
1.419999999999999873e-01
1.419999999999999873e-01
1.419999999999999873e-01
1.417142857142857093e-01
1.417142857142857093e-01
1.417142857142857093e-01
1.417142857142857093e-01
1.417142857142857093e-01
1.417142857142857093e-01
1.417142857142857093e-01
1.417142857142857093e-01
1.417142857142857093e-01
1.417142857142857093e-01
1.417142857142857093e-01
1.417142857142857093e-01
1.417142857142857093e-01
1.417142857142857093e-01
1.417142857142857093e-01
1.417142857142857093e-01
1.417142857142857093e-01
1.417142857142857093e-01
1.417142857142857093e-01
1.417142857142857093e-01
1.417142857142857093e-01
1.417142857142857093e-01
1.417142857142857093e-01
1.417142857142857093e-01
1.417142857142857093e-01
1.417142857142857093e-01
1.417142857142857093e-01
1.417142857142857093e-01
1.417142857142857093e-01
1.417142857142857093e-01
1.417142857142857093e-01
1.417142857142857093e-01
1.417142857142857093e-01
1.417142857142857093e-01
1.417142857142857093e-01
1.417142857142857093e-01
1.417142857142857093e-01
1.417142857142857093e-01
1.417142857142857093e-01
1.417142857142857093e-01
1.417142857142857093e-01
1.417142857142857093e-01
1.414285714285714313e-01
1.411428571428571532e-01
1.411428571428571532e-01
1.411428571428571532e-01
1.411428571428571532e-01
1.411428571428571532e-01
1.411428571428571532e-01
1.411428571428571532e-01
1.411428571428571532e-01
1.411428571428571532e-01
1.411428571428571532e-01
1.411428571428571532e-01
1.411428571428571532e-01
1.411428571428571532e-01
1.411428571428571532e-01
1.411428571428571532e-01
1.411428571428571532e-01
1.411428571428571532e-01
1.411428571428571532e-01
1.411428571428571532e-01
1.411428571428571532e-01
1.411428571428571532e-01
1.411428571428571532e-01
1.411428571428571532e-01
1.411428571428571532e-01
1.411428571428571532e-01
1.411428571428571532e-01
1.411428571428571532e-01
1.411428571428571532e-01
1.411428571428571532e-01
1.411428571428571532e-01
1.411428571428571532e-01
1.411428571428571532e-01
1.411428571428571532e-01
1.411428571428571532e-01
1.411428571428571532e-01
1.411428571428571532e-01
1.411428571428571532e-01
1.411428571428571532e-01
1.411428571428571532e-01
1.411428571428571532e-01
1.411428571428571532e-01
1.411428571428571532e-01
1.411428571428571532e-01
1.411428571428571532e-01
1.411428571428571532e-01
1.411428571428571532e-01
1.411428571428571532e-01
1.411428571428571532e-01
1.411428571428571532e-01
1.411428571428571532e-01
1.411428571428571532e-01
1.411428571428571532e-01
1.411428571428571532e-01
1.411428571428571532e-01
1.411428571428571532e-01
1.411428571428571532e-01
1.411428571428571532e-01
1.411428571428571532e-01
1.411428571428571532e-01
1.411428571428571532e-01
1.411428571428571532e-01
1.411428571428571532e-01
1.411428571428571532e-01
1.411428571428571532e-01
1.411428571428571532e-01
1.411428571428571532e-01
1.411428571428571532e-01
1.411428571428571532e-01
1.411428571428571532e-01
1.411428571428571532e-01
1.411428571428571532e-01
1.411428571428571532e-01
1.411428571428571532e-01
1.411428571428571532e-01
1.411428571428571532e-01
1.411428571428571532e-01
1.411428571428571532e-01
1.411428571428571532e-01
1.411428571428571532e-01
1.411428571428571532e-01
1.411428571428571532e-01
1.411428571428571532e-01
1.411428571428571532e-01
1.408571428571428474e-01
1.408571428571428474e-01
1.408571428571428474e-01
1.408571428571428474e-01
1.408571428571428474e-01
1.408571428571428474e-01
1.408571428571428474e-01
1.408571428571428474e-01
1.408571428571428474e-01
1.408571428571428474e-01
1.408571428571428474e-01
1.408571428571428474e-01
1.408571428571428474e-01
1.408571428571428474e-01
1.408571428571428474e-01
1.408571428571428474e-01
1.408571428571428474e-01
1.408571428571428474e-01
1.408571428571428474e-01
1.408571428571428474e-01
1.408571428571428474e-01
1.408571428571428474e-01
1.408571428571428474e-01
1.408571428571428474e-01
1.408571428571428474e-01
1.408571428571428474e-01
1.408571428571428474e-01
1.408571428571428474e-01
1.408571428571428474e-01
1.405714285714285694e-01
1.405714285714285694e-01
1.405714285714285694e-01
1.405714285714285694e-01
1.405714285714285694e-01
1.405714285714285694e-01
1.405714285714285694e-01
1.405714285714285694e-01
1.405714285714285694e-01
1.405714285714285694e-01
1.405714285714285694e-01
1.405714285714285694e-01
1.405714285714285694e-01
1.405714285714285694e-01
1.405714285714285694e-01
1.405714285714285694e-01
1.405714285714285694e-01
1.405714285714285694e-01
1.405714285714285694e-01
1.405714285714285694e-01
1.405714285714285694e-01
1.405714285714285694e-01
1.405714285714285694e-01
1.405714285714285694e-01
1.405714285714285694e-01
1.405714285714285694e-01
1.405714285714285694e-01
1.405714285714285694e-01
1.405714285714285694e-01
1.405714285714285694e-01
1.405714285714285694e-01
1.405714285714285694e-01
1.405714285714285694e-01
1.405714285714285694e-01
1.405714285714285694e-01
1.402857142857142914e-01
1.402857142857142914e-01
1.402857142857142914e-01
1.402857142857142914e-01
1.402857142857142914e-01
1.402857142857142914e-01
1.402857142857142914e-01
1.402857142857142914e-01
1.402857142857142914e-01
1.402857142857142914e-01
1.402857142857142914e-01
1.402857142857142914e-01
1.402857142857142914e-01
1.402857142857142914e-01
1.402857142857142914e-01
1.402857142857142914e-01
1.402857142857142914e-01
1.402857142857142914e-01
1.402857142857142914e-01
1.402857142857142914e-01
1.402857142857142914e-01
1.402857142857142914e-01
1.402857142857142914e-01
1.402857142857142914e-01
1.402857142857142914e-01
1.402857142857142914e-01
1.402857142857142914e-01
1.402857142857142914e-01
1.402857142857142914e-01
1.402857142857142914e-01
1.402857142857142914e-01
1.402857142857142914e-01
1.402857142857142914e-01
1.402857142857142914e-01
1.402857142857142914e-01
1.402857142857142914e-01
1.402857142857142914e-01
1.402857142857142914e-01
1.402857142857142914e-01
1.402857142857142914e-01
1.402857142857142914e-01
1.402857142857142914e-01
1.400000000000000133e-01
1.400000000000000133e-01
1.400000000000000133e-01
1.400000000000000133e-01
1.400000000000000133e-01
1.400000000000000133e-01
1.400000000000000133e-01
1.400000000000000133e-01
1.400000000000000133e-01
1.400000000000000133e-01
1.400000000000000133e-01
1.400000000000000133e-01
1.400000000000000133e-01
1.400000000000000133e-01
1.400000000000000133e-01
1.400000000000000133e-01
1.400000000000000133e-01
1.400000000000000133e-01
1.400000000000000133e-01
1.400000000000000133e-01
1.400000000000000133e-01
1.400000000000000133e-01
1.400000000000000133e-01
1.400000000000000133e-01
1.400000000000000133e-01
1.400000000000000133e-01
1.400000000000000133e-01
1.400000000000000133e-01
1.400000000000000133e-01
1.400000000000000133e-01
1.400000000000000133e-01
1.400000000000000133e-01
1.400000000000000133e-01
1.400000000000000133e-01
1.400000000000000133e-01
1.400000000000000133e-01
1.400000000000000133e-01
1.400000000000000133e-01
1.400000000000000133e-01
1.400000000000000133e-01
1.400000000000000133e-01
1.400000000000000133e-01
1.400000000000000133e-01
1.400000000000000133e-01
1.400000000000000133e-01
1.400000000000000133e-01
1.400000000000000133e-01
1.400000000000000133e-01
1.400000000000000133e-01
1.400000000000000133e-01
1.397142857142857075e-01
1.397142857142857075e-01
1.397142857142857075e-01
1.397142857142857075e-01
1.397142857142857075e-01
1.397142857142857075e-01
1.397142857142857075e-01
1.397142857142857075e-01
1.397142857142857075e-01
1.397142857142857075e-01
1.397142857142857075e-01
1.397142857142857075e-01
1.397142857142857075e-01
1.397142857142857075e-01
1.397142857142857075e-01
1.397142857142857075e-01
1.397142857142857075e-01
1.397142857142857075e-01
1.397142857142857075e-01
1.397142857142857075e-01
1.397142857142857075e-01
1.397142857142857075e-01
1.397142857142857075e-01
1.397142857142857075e-01
1.397142857142857075e-01
1.397142857142857075e-01
1.397142857142857075e-01
1.397142857142857075e-01
1.397142857142857075e-01
1.397142857142857075e-01
1.397142857142857075e-01
1.397142857142857075e-01
1.397142857142857075e-01
1.397142857142857075e-01
1.397142857142857075e-01
1.397142857142857075e-01
1.397142857142857075e-01
1.397142857142857075e-01
1.397142857142857075e-01
1.397142857142857075e-01
1.397142857142857075e-01
1.397142857142857075e-01
1.397142857142857075e-01
1.397142857142857075e-01
1.397142857142857075e-01
1.397142857142857075e-01
1.397142857142857075e-01
1.397142857142857075e-01
1.397142857142857075e-01
1.397142857142857075e-01
1.397142857142857075e-01
1.397142857142857075e-01
1.397142857142857075e-01
1.397142857142857075e-01
1.397142857142857075e-01
1.397142857142857075e-01
1.397142857142857075e-01
1.397142857142857075e-01
1.397142857142857075e-01
1.397142857142857075e-01
1.397142857142857075e-01
1.397142857142857075e-01
1.397142857142857075e-01
1.397142857142857075e-01
1.397142857142857075e-01
1.397142857142857075e-01
1.397142857142857075e-01
1.397142857142857075e-01
1.397142857142857075e-01
1.397142857142857075e-01
1.397142857142857075e-01
1.397142857142857075e-01
1.397142857142857075e-01
1.397142857142857075e-01
1.397142857142857075e-01
1.397142857142857075e-01
1.397142857142857075e-01
1.397142857142857075e-01
1.397142857142857075e-01
1.397142857142857075e-01
1.397142857142857075e-01
1.397142857142857075e-01
1.397142857142857075e-01
1.397142857142857075e-01
1.397142857142857075e-01
1.397142857142857075e-01
1.397142857142857075e-01
1.397142857142857075e-01
1.397142857142857075e-01
1.394285714285714295e-01
1.394285714285714295e-01
