2.310000000000000109e-01
2.310000000000000109e-01
2.310000000000000109e-01
2.310000000000000109e-01
2.310000000000000109e-01
2.310000000000000109e-01
2.310000000000000109e-01
2.310000000000000109e-01
2.310000000000000109e-01
2.310000000000000109e-01
2.310000000000000109e-01
2.310000000000000109e-01
2.310000000000000109e-01
2.310000000000000109e-01
2.310000000000000109e-01
2.310000000000000109e-01
2.310000000000000109e-01
2.310000000000000109e-01
2.310000000000000109e-01
2.310000000000000109e-01
2.310000000000000109e-01
2.310000000000000109e-01
2.310000000000000109e-01
2.310000000000000109e-01
2.310000000000000109e-01
2.310000000000000109e-01
2.310000000000000109e-01
2.310000000000000109e-01
2.310000000000000109e-01
2.310000000000000109e-01
2.310000000000000109e-01
2.310000000000000109e-01
2.310000000000000109e-01
2.310000000000000109e-01
2.310000000000000109e-01
2.310000000000000109e-01
2.310000000000000109e-01
2.310000000000000109e-01
2.310000000000000109e-01
2.310000000000000109e-01
2.310000000000000109e-01
2.310000000000000109e-01
2.310000000000000109e-01
2.310000000000000109e-01
2.310000000000000109e-01
2.310000000000000109e-01
2.310000000000000109e-01
2.310000000000000109e-01
2.310000000000000109e-01
2.310000000000000109e-01
2.310000000000000109e-01
2.310000000000000109e-01
2.310000000000000109e-01
2.310000000000000109e-01
2.310000000000000109e-01
2.310000000000000109e-01
2.310000000000000109e-01
2.310000000000000109e-01
2.310000000000000109e-01
2.310000000000000109e-01
2.310000000000000109e-01
2.310000000000000109e-01
2.310000000000000109e-01
2.303333333333333344e-01
2.303333333333333344e-01
2.300000000000000100e-01
2.300000000000000100e-01
2.300000000000000100e-01
2.300000000000000100e-01
2.300000000000000100e-01
2.300000000000000100e-01
2.300000000000000100e-01
2.296666666666666579e-01
2.296666666666666579e-01
2.293333333333333335e-01
2.293333333333333335e-01
2.293333333333333335e-01
2.293333333333333335e-01
2.293333333333333335e-01
2.293333333333333335e-01
2.286666666666666570e-01
2.283333333333333326e-01
2.283333333333333326e-01
2.283333333333333326e-01
2.283333333333333326e-01
2.283333333333333326e-01
2.283333333333333326e-01
2.283333333333333326e-01
2.280000000000000082e-01
2.276666666666666561e-01
2.273333333333333317e-01
2.266666666666666552e-01
2.266666666666666552e-01
2.266666666666666552e-01
2.260000000000000064e-01
2.260000000000000064e-01
2.260000000000000064e-01
2.253333333333333299e-01
2.253333333333333299e-01
2.246666666666666534e-01
2.246666666666666534e-01
2.236666666666666803e-01
2.236666666666666803e-01
2.233333333333333282e-01
2.230000000000000038e-01
2.226666666666666794e-01
2.226666666666666794e-01
2.216666666666666785e-01
2.213333333333333264e-01
2.213333333333333264e-01
2.213333333333333264e-01
2.210000000000000020e-01
2.210000000000000020e-01
2.210000000000000020e-01
2.206666666666666776e-01
2.203333333333333255e-01
2.196666666666666767e-01
2.193333333333333246e-01
2.193333333333333246e-01
2.186666666666666758e-01
2.186666666666666758e-01
2.179999999999999993e-01
2.176666666666666750e-01
2.169999999999999984e-01
2.163333333333333219e-01
2.159999999999999976e-01
2.153333333333333210e-01
2.153333333333333210e-01
2.149999999999999967e-01
2.136666666666666714e-01
2.136666666666666714e-01
2.133333333333333470e-01
2.129999999999999949e-01
2.129999999999999949e-01
2.126666666666666705e-01
2.116666666666666696e-01
2.109999999999999931e-01
2.106666666666666687e-01
2.096666666666666679e-01
2.093333333333333435e-01
2.086666666666666670e-01
2.086666666666666670e-01
2.086666666666666670e-01
2.079999999999999905e-01
2.076666666666666661e-01
2.076666666666666661e-01
2.076666666666666661e-01
2.073333333333333417e-01
2.073333333333333417e-01
2.073333333333333417e-01
2.073333333333333417e-01
2.073333333333333417e-01
2.069999999999999896e-01
2.066666666666666652e-01
2.063333333333333408e-01
2.059999999999999887e-01
2.053333333333333399e-01
2.053333333333333399e-01
2.046666666666666634e-01
2.046666666666666634e-01
2.046666666666666634e-01
2.046666666666666634e-01
2.039999999999999869e-01
2.039999999999999869e-01
2.036666666666666625e-01
2.036666666666666625e-01
2.033333333333333381e-01
2.033333333333333381e-01
2.033333333333333381e-01
2.033333333333333381e-01
2.033333333333333381e-01
2.026666666666666616e-01
2.026666666666666616e-01
2.023333333333333373e-01
2.020000000000000129e-01
2.020000000000000129e-01
2.016666666666666607e-01
2.013333333333333364e-01
2.013333333333333364e-01
2.013333333333333364e-01
2.010000000000000120e-01
2.010000000000000120e-01
2.010000000000000120e-01
2.010000000000000120e-01
2.010000000000000120e-01
2.006666666666666599e-01
2.003333333333333355e-01
2.003333333333333355e-01
2.003333333333333355e-01
2.000000000000000111e-01
2.000000000000000111e-01
1.993333333333333346e-01
1.993333333333333346e-01
1.993333333333333346e-01
1.993333333333333346e-01
1.990000000000000102e-01
1.990000000000000102e-01
1.986666666666666581e-01
1.986666666666666581e-01
1.986666666666666581e-01
1.980000000000000093e-01
1.976666666666666572e-01
1.976666666666666572e-01
1.976666666666666572e-01
1.976666666666666572e-01
1.976666666666666572e-01
1.976666666666666572e-01
1.976666666666666572e-01
1.976666666666666572e-01
1.973333333333333328e-01
1.973333333333333328e-01
1.973333333333333328e-01
1.973333333333333328e-01
1.970000000000000084e-01
1.970000000000000084e-01
1.970000000000000084e-01
1.970000000000000084e-01
1.970000000000000084e-01
1.970000000000000084e-01
1.970000000000000084e-01
1.970000000000000084e-01
1.966666666666666563e-01
1.966666666666666563e-01
1.966666666666666563e-01
1.963333333333333319e-01
1.963333333333333319e-01
1.960000000000000075e-01
1.960000000000000075e-01
1.960000000000000075e-01
1.960000000000000075e-01
1.960000000000000075e-01
1.960000000000000075e-01
1.960000000000000075e-01
1.960000000000000075e-01
1.960000000000000075e-01
1.960000000000000075e-01
1.960000000000000075e-01
1.956666666666666554e-01
1.956666666666666554e-01
1.956666666666666554e-01
1.953333333333333310e-01
1.953333333333333310e-01
1.953333333333333310e-01
1.950000000000000067e-01
1.950000000000000067e-01
1.950000000000000067e-01
1.950000000000000067e-01
1.950000000000000067e-01
1.950000000000000067e-01
1.950000000000000067e-01
1.950000000000000067e-01
1.946666666666666545e-01
1.946666666666666545e-01
1.943333333333333302e-01
1.943333333333333302e-01
1.943333333333333302e-01
1.940000000000000058e-01
1.940000000000000058e-01
1.936666666666666536e-01
1.936666666666666536e-01
1.936666666666666536e-01
1.930000000000000049e-01
1.930000000000000049e-01
1.926666666666666805e-01
1.916666666666666796e-01
1.916666666666666796e-01
1.916666666666666796e-01
1.916666666666666796e-01
1.916666666666666796e-01
1.916666666666666796e-01
1.916666666666666796e-01
1.913333333333333275e-01
1.913333333333333275e-01
1.913333333333333275e-01
1.913333333333333275e-01
1.913333333333333275e-01
1.913333333333333275e-01
1.913333333333333275e-01
1.910000000000000031e-01
1.910000000000000031e-01
1.910000000000000031e-01
1.910000000000000031e-01
1.910000000000000031e-01
1.906666666666666787e-01
1.906666666666666787e-01
1.906666666666666787e-01
1.906666666666666787e-01
1.906666666666666787e-01
1.906666666666666787e-01
1.906666666666666787e-01
1.906666666666666787e-01
1.906666666666666787e-01
1.906666666666666787e-01
1.906666666666666787e-01
1.906666666666666787e-01
1.906666666666666787e-01
1.906666666666666787e-01
1.906666666666666787e-01
1.906666666666666787e-01
1.906666666666666787e-01
1.903333333333333266e-01
1.900000000000000022e-01
1.900000000000000022e-01
1.900000000000000022e-01
1.900000000000000022e-01
1.900000000000000022e-01
1.900000000000000022e-01
1.900000000000000022e-01
1.900000000000000022e-01
1.900000000000000022e-01
1.900000000000000022e-01
1.896666666666666778e-01
1.893333333333333257e-01
1.890000000000000013e-01
1.890000000000000013e-01
1.890000000000000013e-01
1.890000000000000013e-01
1.890000000000000013e-01
1.890000000000000013e-01
1.886666666666666770e-01
1.886666666666666770e-01
1.886666666666666770e-01
1.886666666666666770e-01
1.886666666666666770e-01
1.886666666666666770e-01
1.886666666666666770e-01
1.883333333333333248e-01
1.883333333333333248e-01
1.883333333333333248e-01
1.883333333333333248e-01
1.883333333333333248e-01
1.883333333333333248e-01
1.883333333333333248e-01
1.883333333333333248e-01
1.873333333333333239e-01
1.869999999999999996e-01
1.866666666666666752e-01
1.866666666666666752e-01
1.866666666666666752e-01
1.863333333333333230e-01
1.859999999999999987e-01
1.859999999999999987e-01
1.853333333333333222e-01
1.853333333333333222e-01
1.853333333333333222e-01
1.853333333333333222e-01
1.853333333333333222e-01
1.853333333333333222e-01
1.853333333333333222e-01
1.853333333333333222e-01
1.849999999999999978e-01
1.849999999999999978e-01
1.849999999999999978e-01
1.849999999999999978e-01
1.846666666666666734e-01
1.846666666666666734e-01
1.846666666666666734e-01
1.846666666666666734e-01
1.846666666666666734e-01
1.846666666666666734e-01
1.843333333333333213e-01
1.843333333333333213e-01
1.843333333333333213e-01
1.843333333333333213e-01
1.843333333333333213e-01
1.839999999999999969e-01
1.839999999999999969e-01
1.839999999999999969e-01
1.839999999999999969e-01
1.833333333333333204e-01
1.833333333333333204e-01
1.833333333333333204e-01
1.829999999999999960e-01
1.823333333333333195e-01
1.823333333333333195e-01
1.823333333333333195e-01
1.819999999999999951e-01
1.819999999999999951e-01
1.819999999999999951e-01
1.819999999999999951e-01
1.819999999999999951e-01
1.819999999999999951e-01
1.819999999999999951e-01
1.819999999999999951e-01
1.819999999999999951e-01
1.819999999999999951e-01
1.816666666666666707e-01
1.816666666666666707e-01
1.816666666666666707e-01
1.816666666666666707e-01
1.816666666666666707e-01
1.816666666666666707e-01
1.816666666666666707e-01
1.816666666666666707e-01
1.813333333333333464e-01
1.813333333333333464e-01
1.813333333333333464e-01
1.813333333333333464e-01
1.813333333333333464e-01
1.813333333333333464e-01
1.813333333333333464e-01
1.813333333333333464e-01
1.806666666666666698e-01
1.803333333333333455e-01
1.799999999999999933e-01
1.799999999999999933e-01
1.799999999999999933e-01
1.799999999999999933e-01
1.793333333333333446e-01
1.789999999999999925e-01
1.789999999999999925e-01
1.789999999999999925e-01
1.789999999999999925e-01
1.789999999999999925e-01
1.789999999999999925e-01
1.789999999999999925e-01
1.789999999999999925e-01
1.786666666666666681e-01
1.786666666666666681e-01
1.786666666666666681e-01
1.786666666666666681e-01
1.786666666666666681e-01
1.786666666666666681e-01
1.786666666666666681e-01
1.783333333333333437e-01
1.783333333333333437e-01
1.783333333333333437e-01
1.783333333333333437e-01
1.783333333333333437e-01
1.779999999999999916e-01
1.779999999999999916e-01
1.779999999999999916e-01
1.776666666666666672e-01
1.776666666666666672e-01
1.776666666666666672e-01
1.776666666666666672e-01
1.776666666666666672e-01
1.776666666666666672e-01
1.776666666666666672e-01
1.776666666666666672e-01
1.776666666666666672e-01
1.776666666666666672e-01
1.776666666666666672e-01
1.776666666666666672e-01
1.776666666666666672e-01
1.776666666666666672e-01
1.776666666666666672e-01
1.776666666666666672e-01
1.773333333333333428e-01
1.773333333333333428e-01
1.773333333333333428e-01
1.773333333333333428e-01
1.773333333333333428e-01
1.773333333333333428e-01
1.773333333333333428e-01
1.773333333333333428e-01
1.773333333333333428e-01
1.773333333333333428e-01
1.773333333333333428e-01
1.773333333333333428e-01
1.773333333333333428e-01
1.773333333333333428e-01
1.773333333333333428e-01
1.773333333333333428e-01
1.773333333333333428e-01
1.773333333333333428e-01
1.773333333333333428e-01
1.773333333333333428e-01
1.769999999999999907e-01
1.769999999999999907e-01
1.769999999999999907e-01
1.769999999999999907e-01
1.763333333333333419e-01
1.763333333333333419e-01
1.763333333333333419e-01
1.763333333333333419e-01
1.763333333333333419e-01
1.763333333333333419e-01
1.763333333333333419e-01
1.763333333333333419e-01
1.763333333333333419e-01
1.759999999999999898e-01
1.759999999999999898e-01
1.759999999999999898e-01
1.759999999999999898e-01
1.756666666666666654e-01
1.756666666666666654e-01
1.756666666666666654e-01
1.756666666666666654e-01
1.756666666666666654e-01
1.756666666666666654e-01
1.749999999999999889e-01
1.749999999999999889e-01
1.749999999999999889e-01
1.749999999999999889e-01
1.749999999999999889e-01
1.749999999999999889e-01
1.746666666666666645e-01
1.746666666666666645e-01
1.746666666666666645e-01
1.746666666666666645e-01
1.746666666666666645e-01
1.746666666666666645e-01
1.746666666666666645e-01
1.743333333333333401e-01
1.743333333333333401e-01
1.743333333333333401e-01
1.743333333333333401e-01
1.743333333333333401e-01
1.743333333333333401e-01
1.739999999999999880e-01
1.739999999999999880e-01
1.739999999999999880e-01
1.736666666666666636e-01
1.736666666666666636e-01
1.736666666666666636e-01
1.736666666666666636e-01
1.736666666666666636e-01
1.733333333333333393e-01
1.733333333333333393e-01
1.729999999999999871e-01
1.729999999999999871e-01
1.729999999999999871e-01
1.729999999999999871e-01
1.729999999999999871e-01
1.729999999999999871e-01
1.729999999999999871e-01
1.729999999999999871e-01
1.729999999999999871e-01
1.729999999999999871e-01
1.729999999999999871e-01
1.729999999999999871e-01
1.729999999999999871e-01
1.729999999999999871e-01
1.729999999999999871e-01
1.729999999999999871e-01
1.729999999999999871e-01
1.726666666666666627e-01
1.726666666666666627e-01
1.726666666666666627e-01
1.726666666666666627e-01
1.726666666666666627e-01
1.726666666666666627e-01
1.726666666666666627e-01
1.726666666666666627e-01
1.726666666666666627e-01
1.726666666666666627e-01
1.726666666666666627e-01
1.726666666666666627e-01
1.726666666666666627e-01
1.726666666666666627e-01
1.726666666666666627e-01
1.726666666666666627e-01
1.726666666666666627e-01
1.726666666666666627e-01
1.726666666666666627e-01
1.726666666666666627e-01
1.726666666666666627e-01
1.726666666666666627e-01
1.726666666666666627e-01
1.726666666666666627e-01
1.726666666666666627e-01
1.726666666666666627e-01
1.723333333333333384e-01
1.723333333333333384e-01
1.723333333333333384e-01
1.723333333333333384e-01
1.723333333333333384e-01
1.723333333333333384e-01
1.723333333333333384e-01
1.723333333333333384e-01
1.723333333333333384e-01
1.723333333333333384e-01
1.723333333333333384e-01
1.723333333333333384e-01
1.723333333333333384e-01
1.723333333333333384e-01
1.723333333333333384e-01
1.719999999999999862e-01
1.716666666666666619e-01
1.716666666666666619e-01
1.716666666666666619e-01
1.716666666666666619e-01
1.716666666666666619e-01
1.716666666666666619e-01
1.716666666666666619e-01
1.716666666666666619e-01
1.716666666666666619e-01
1.716666666666666619e-01
1.716666666666666619e-01
1.716666666666666619e-01
1.716666666666666619e-01
1.716666666666666619e-01
1.716666666666666619e-01
1.716666666666666619e-01
1.716666666666666619e-01
1.716666666666666619e-01
1.716666666666666619e-01
1.716666666666666619e-01
1.716666666666666619e-01
1.716666666666666619e-01
1.716666666666666619e-01
1.716666666666666619e-01
1.716666666666666619e-01
1.716666666666666619e-01
1.716666666666666619e-01
1.716666666666666619e-01
1.713333333333333375e-01
1.710000000000000131e-01
1.710000000000000131e-01
1.710000000000000131e-01
1.710000000000000131e-01
1.706666666666666610e-01
1.706666666666666610e-01
1.706666666666666610e-01
1.706666666666666610e-01
1.706666666666666610e-01
1.703333333333333366e-01
1.703333333333333366e-01
1.703333333333333366e-01
1.703333333333333366e-01
1.703333333333333366e-01
1.703333333333333366e-01
1.703333333333333366e-01
1.703333333333333366e-01
1.700000000000000122e-01
1.696666666666666601e-01
1.696666666666666601e-01
1.696666666666666601e-01
1.696666666666666601e-01
1.696666666666666601e-01
1.696666666666666601e-01
1.696666666666666601e-01
1.696666666666666601e-01
1.696666666666666601e-01
1.696666666666666601e-01
1.696666666666666601e-01
1.696666666666666601e-01
1.696666666666666601e-01
1.693333333333333357e-01
1.693333333333333357e-01
1.693333333333333357e-01
1.693333333333333357e-01
1.693333333333333357e-01
1.693333333333333357e-01
1.693333333333333357e-01
1.693333333333333357e-01
1.693333333333333357e-01
1.693333333333333357e-01
1.693333333333333357e-01
1.693333333333333357e-01
1.693333333333333357e-01
1.693333333333333357e-01
1.693333333333333357e-01
1.693333333333333357e-01
1.693333333333333357e-01
1.693333333333333357e-01
1.693333333333333357e-01
1.693333333333333357e-01
1.693333333333333357e-01
1.693333333333333357e-01
1.693333333333333357e-01
1.693333333333333357e-01
1.693333333333333357e-01
1.693333333333333357e-01
1.693333333333333357e-01
1.690000000000000113e-01
1.690000000000000113e-01
1.690000000000000113e-01
1.690000000000000113e-01
1.690000000000000113e-01
1.690000000000000113e-01
1.690000000000000113e-01
1.690000000000000113e-01
1.690000000000000113e-01
1.690000000000000113e-01
1.690000000000000113e-01
1.690000000000000113e-01
1.690000000000000113e-01
1.690000000000000113e-01
1.686666666666666592e-01
1.686666666666666592e-01
1.686666666666666592e-01
1.686666666666666592e-01
1.686666666666666592e-01
1.686666666666666592e-01
1.686666666666666592e-01
1.686666666666666592e-01
1.686666666666666592e-01
1.686666666666666592e-01
1.686666666666666592e-01
1.683333333333333348e-01
1.683333333333333348e-01
1.683333333333333348e-01
1.683333333333333348e-01
1.680000000000000104e-01
1.680000000000000104e-01
1.680000000000000104e-01
1.680000000000000104e-01
1.676666666666666583e-01
1.676666666666666583e-01
1.676666666666666583e-01
1.676666666666666583e-01
1.676666666666666583e-01
1.676666666666666583e-01
1.676666666666666583e-01
1.676666666666666583e-01
1.676666666666666583e-01
1.676666666666666583e-01
1.676666666666666583e-01
1.676666666666666583e-01
1.676666666666666583e-01
1.676666666666666583e-01
1.676666666666666583e-01
1.676666666666666583e-01
1.676666666666666583e-01
1.676666666666666583e-01
1.676666666666666583e-01
1.676666666666666583e-01
1.676666666666666583e-01
1.676666666666666583e-01
1.676666666666666583e-01
1.676666666666666583e-01
1.676666666666666583e-01
1.676666666666666583e-01
1.676666666666666583e-01
1.676666666666666583e-01
1.676666666666666583e-01
1.676666666666666583e-01
1.676666666666666583e-01
1.676666666666666583e-01
1.676666666666666583e-01
1.676666666666666583e-01
1.676666666666666583e-01
1.676666666666666583e-01
1.676666666666666583e-01
1.676666666666666583e-01
1.676666666666666583e-01
1.676666666666666583e-01
1.676666666666666583e-01
1.676666666666666583e-01
1.676666666666666583e-01
1.676666666666666583e-01
1.676666666666666583e-01
1.673333333333333339e-01
1.673333333333333339e-01
1.673333333333333339e-01
1.673333333333333339e-01
1.673333333333333339e-01
1.673333333333333339e-01
1.673333333333333339e-01
1.673333333333333339e-01
1.673333333333333339e-01
1.673333333333333339e-01
1.673333333333333339e-01
1.673333333333333339e-01
1.673333333333333339e-01
1.673333333333333339e-01
1.673333333333333339e-01
1.673333333333333339e-01
1.673333333333333339e-01
1.673333333333333339e-01
1.673333333333333339e-01
1.673333333333333339e-01
1.673333333333333339e-01
1.670000000000000095e-01
1.670000000000000095e-01
1.670000000000000095e-01
1.670000000000000095e-01
1.670000000000000095e-01
1.670000000000000095e-01
1.670000000000000095e-01
1.670000000000000095e-01
1.670000000000000095e-01
1.670000000000000095e-01
1.670000000000000095e-01
1.670000000000000095e-01
1.670000000000000095e-01
1.670000000000000095e-01
1.666666666666666574e-01
1.666666666666666574e-01
1.666666666666666574e-01
1.666666666666666574e-01
1.666666666666666574e-01
1.666666666666666574e-01
1.666666666666666574e-01
1.666666666666666574e-01
1.666666666666666574e-01
1.666666666666666574e-01
1.666666666666666574e-01
1.666666666666666574e-01
1.666666666666666574e-01
1.666666666666666574e-01
1.666666666666666574e-01
1.666666666666666574e-01
1.666666666666666574e-01
1.663333333333333330e-01
1.663333333333333330e-01
1.663333333333333330e-01
1.663333333333333330e-01
1.663333333333333330e-01
1.663333333333333330e-01
1.663333333333333330e-01
1.663333333333333330e-01
1.663333333333333330e-01
1.663333333333333330e-01
1.663333333333333330e-01
1.663333333333333330e-01
1.660000000000000087e-01
1.660000000000000087e-01
1.660000000000000087e-01
1.660000000000000087e-01
1.660000000000000087e-01
1.660000000000000087e-01
1.660000000000000087e-01
1.660000000000000087e-01
1.660000000000000087e-01
1.660000000000000087e-01
1.660000000000000087e-01
1.660000000000000087e-01
1.660000000000000087e-01
1.660000000000000087e-01
1.660000000000000087e-01
1.660000000000000087e-01
1.660000000000000087e-01
1.660000000000000087e-01
1.660000000000000087e-01
1.660000000000000087e-01
1.660000000000000087e-01
1.660000000000000087e-01
1.660000000000000087e-01
1.660000000000000087e-01
1.660000000000000087e-01
1.660000000000000087e-01
1.660000000000000087e-01
1.660000000000000087e-01
1.660000000000000087e-01
1.660000000000000087e-01
1.660000000000000087e-01
1.660000000000000087e-01
1.660000000000000087e-01
1.660000000000000087e-01
1.660000000000000087e-01
1.660000000000000087e-01
1.660000000000000087e-01
1.660000000000000087e-01
1.660000000000000087e-01
1.660000000000000087e-01
1.660000000000000087e-01
1.660000000000000087e-01
1.660000000000000087e-01
1.660000000000000087e-01
1.660000000000000087e-01
1.660000000000000087e-01
1.660000000000000087e-01
1.660000000000000087e-01
1.660000000000000087e-01
1.660000000000000087e-01
1.660000000000000087e-01
1.660000000000000087e-01
1.660000000000000087e-01
1.656666666666666565e-01
1.653333333333333321e-01
1.653333333333333321e-01
1.653333333333333321e-01
1.653333333333333321e-01
1.653333333333333321e-01
1.653333333333333321e-01
1.653333333333333321e-01
1.653333333333333321e-01
1.653333333333333321e-01
1.653333333333333321e-01
1.653333333333333321e-01
1.653333333333333321e-01
1.653333333333333321e-01
1.653333333333333321e-01
1.653333333333333321e-01
1.653333333333333321e-01
1.653333333333333321e-01
1.653333333333333321e-01
1.653333333333333321e-01
1.653333333333333321e-01
1.653333333333333321e-01
1.653333333333333321e-01
1.653333333333333321e-01
1.653333333333333321e-01
1.653333333333333321e-01
1.653333333333333321e-01
1.653333333333333321e-01
1.653333333333333321e-01
1.653333333333333321e-01
1.653333333333333321e-01
1.653333333333333321e-01
1.653333333333333321e-01
1.653333333333333321e-01
1.653333333333333321e-01
1.653333333333333321e-01
1.653333333333333321e-01
1.653333333333333321e-01
1.653333333333333321e-01
1.653333333333333321e-01
1.653333333333333321e-01
1.653333333333333321e-01
1.653333333333333321e-01
1.653333333333333321e-01
1.653333333333333321e-01
1.653333333333333321e-01
1.653333333333333321e-01
1.653333333333333321e-01
1.653333333333333321e-01
1.653333333333333321e-01
1.653333333333333321e-01
1.653333333333333321e-01
1.653333333333333321e-01
1.653333333333333321e-01
1.653333333333333321e-01
1.653333333333333321e-01
1.653333333333333321e-01
1.653333333333333321e-01
1.653333333333333321e-01
1.653333333333333321e-01
1.653333333333333321e-01
1.653333333333333321e-01
1.653333333333333321e-01
1.653333333333333321e-01
1.653333333333333321e-01
1.653333333333333321e-01
1.653333333333333321e-01
1.653333333333333321e-01
1.653333333333333321e-01
1.653333333333333321e-01
1.653333333333333321e-01
1.653333333333333321e-01
1.653333333333333321e-01
1.653333333333333321e-01
1.653333333333333321e-01
1.653333333333333321e-01
1.653333333333333321e-01
1.653333333333333321e-01
1.653333333333333321e-01
1.653333333333333321e-01
1.653333333333333321e-01
1.653333333333333321e-01
1.653333333333333321e-01
1.653333333333333321e-01
1.653333333333333321e-01
1.653333333333333321e-01
1.653333333333333321e-01
1.653333333333333321e-01
1.653333333333333321e-01
1.653333333333333321e-01
1.653333333333333321e-01
1.653333333333333321e-01
1.653333333333333321e-01
1.653333333333333321e-01
1.653333333333333321e-01
1.653333333333333321e-01
1.653333333333333321e-01
1.653333333333333321e-01
1.653333333333333321e-01
1.653333333333333321e-01
1.653333333333333321e-01
1.653333333333333321e-01
1.653333333333333321e-01
1.653333333333333321e-01
1.653333333333333321e-01
1.653333333333333321e-01
1.653333333333333321e-01
1.653333333333333321e-01
1.653333333333333321e-01
1.653333333333333321e-01
1.653333333333333321e-01
1.653333333333333321e-01
1.653333333333333321e-01
1.653333333333333321e-01
1.653333333333333321e-01
1.653333333333333321e-01
1.653333333333333321e-01
1.653333333333333321e-01
1.653333333333333321e-01
1.653333333333333321e-01
1.653333333333333321e-01
1.653333333333333321e-01
1.653333333333333321e-01
1.653333333333333321e-01
1.653333333333333321e-01
1.653333333333333321e-01
1.653333333333333321e-01
1.653333333333333321e-01
1.653333333333333321e-01
1.653333333333333321e-01
1.653333333333333321e-01
1.650000000000000078e-01
1.650000000000000078e-01
1.650000000000000078e-01
1.650000000000000078e-01
1.650000000000000078e-01
1.650000000000000078e-01
1.650000000000000078e-01
1.650000000000000078e-01
1.650000000000000078e-01
1.650000000000000078e-01
1.650000000000000078e-01
1.650000000000000078e-01
1.650000000000000078e-01
1.650000000000000078e-01
1.650000000000000078e-01
1.646666666666666556e-01
1.646666666666666556e-01
1.646666666666666556e-01
1.646666666666666556e-01
1.646666666666666556e-01
1.646666666666666556e-01
1.646666666666666556e-01
1.646666666666666556e-01
1.646666666666666556e-01
1.646666666666666556e-01
1.646666666666666556e-01
1.646666666666666556e-01
1.646666666666666556e-01
1.646666666666666556e-01
1.646666666666666556e-01
1.646666666666666556e-01
1.646666666666666556e-01
1.646666666666666556e-01
1.646666666666666556e-01
1.646666666666666556e-01
1.646666666666666556e-01
1.646666666666666556e-01
1.646666666666666556e-01
1.646666666666666556e-01
1.646666666666666556e-01
1.646666666666666556e-01
1.646666666666666556e-01
1.646666666666666556e-01
1.646666666666666556e-01
1.646666666666666556e-01
1.646666666666666556e-01
1.646666666666666556e-01
1.646666666666666556e-01
1.646666666666666556e-01
1.646666666666666556e-01
1.646666666666666556e-01
1.646666666666666556e-01
1.646666666666666556e-01
1.646666666666666556e-01
1.646666666666666556e-01
1.646666666666666556e-01
1.646666666666666556e-01
1.646666666666666556e-01
1.646666666666666556e-01
1.646666666666666556e-01
1.646666666666666556e-01
1.646666666666666556e-01
1.646666666666666556e-01
1.646666666666666556e-01
1.646666666666666556e-01
1.646666666666666556e-01
1.646666666666666556e-01
1.646666666666666556e-01
1.646666666666666556e-01
1.646666666666666556e-01
1.646666666666666556e-01
1.646666666666666556e-01
1.646666666666666556e-01
1.646666666666666556e-01
1.646666666666666556e-01
1.646666666666666556e-01
1.646666666666666556e-01
1.646666666666666556e-01
1.646666666666666556e-01
1.646666666666666556e-01
1.646666666666666556e-01
1.646666666666666556e-01
1.646666666666666556e-01
1.646666666666666556e-01
1.646666666666666556e-01
1.646666666666666556e-01
1.646666666666666556e-01
1.643333333333333313e-01
1.643333333333333313e-01
1.643333333333333313e-01
1.643333333333333313e-01
1.640000000000000069e-01
1.640000000000000069e-01
1.640000000000000069e-01
1.640000000000000069e-01
1.640000000000000069e-01
1.640000000000000069e-01
1.640000000000000069e-01
1.640000000000000069e-01
1.640000000000000069e-01
1.640000000000000069e-01
1.640000000000000069e-01
1.640000000000000069e-01
1.640000000000000069e-01
1.640000000000000069e-01
1.640000000000000069e-01
1.640000000000000069e-01
1.640000000000000069e-01
1.640000000000000069e-01
1.640000000000000069e-01
1.640000000000000069e-01
1.640000000000000069e-01
1.640000000000000069e-01
1.640000000000000069e-01
1.640000000000000069e-01
1.640000000000000069e-01
1.640000000000000069e-01
1.640000000000000069e-01
1.640000000000000069e-01
1.640000000000000069e-01
1.640000000000000069e-01
1.640000000000000069e-01
1.640000000000000069e-01
1.640000000000000069e-01
1.640000000000000069e-01
1.640000000000000069e-01
1.640000000000000069e-01
1.640000000000000069e-01
1.640000000000000069e-01
1.640000000000000069e-01
1.640000000000000069e-01
1.640000000000000069e-01
1.640000000000000069e-01
1.640000000000000069e-01
1.640000000000000069e-01
1.640000000000000069e-01
1.640000000000000069e-01
1.640000000000000069e-01
1.640000000000000069e-01
1.640000000000000069e-01
1.640000000000000069e-01
1.640000000000000069e-01
1.640000000000000069e-01
1.640000000000000069e-01
1.640000000000000069e-01
1.640000000000000069e-01
1.640000000000000069e-01
1.640000000000000069e-01
1.640000000000000069e-01
1.640000000000000069e-01
1.640000000000000069e-01
1.640000000000000069e-01
1.640000000000000069e-01
1.640000000000000069e-01
1.640000000000000069e-01
1.640000000000000069e-01
1.640000000000000069e-01
1.640000000000000069e-01
1.640000000000000069e-01
1.640000000000000069e-01
1.640000000000000069e-01
1.640000000000000069e-01
1.640000000000000069e-01
1.640000000000000069e-01
1.640000000000000069e-01
1.640000000000000069e-01
1.640000000000000069e-01
1.640000000000000069e-01
1.640000000000000069e-01
1.640000000000000069e-01
1.636666666666666548e-01
1.636666666666666548e-01
1.633333333333333304e-01
1.630000000000000060e-01
1.630000000000000060e-01
1.630000000000000060e-01
1.630000000000000060e-01
1.630000000000000060e-01
1.630000000000000060e-01
1.630000000000000060e-01
1.630000000000000060e-01
1.630000000000000060e-01
1.630000000000000060e-01
1.630000000000000060e-01
1.630000000000000060e-01
1.630000000000000060e-01
1.630000000000000060e-01
1.630000000000000060e-01
1.630000000000000060e-01
1.630000000000000060e-01
1.630000000000000060e-01
1.630000000000000060e-01
1.630000000000000060e-01
1.630000000000000060e-01
1.630000000000000060e-01
1.630000000000000060e-01
1.630000000000000060e-01
1.630000000000000060e-01
1.630000000000000060e-01
1.630000000000000060e-01
1.630000000000000060e-01
1.630000000000000060e-01
1.630000000000000060e-01
1.630000000000000060e-01
1.630000000000000060e-01
1.630000000000000060e-01
1.630000000000000060e-01
1.630000000000000060e-01
1.626666666666666539e-01
1.626666666666666539e-01
1.626666666666666539e-01
1.626666666666666539e-01
1.626666666666666539e-01
1.626666666666666539e-01
1.626666666666666539e-01
1.626666666666666539e-01
1.626666666666666539e-01
1.626666666666666539e-01
1.626666666666666539e-01
1.626666666666666539e-01
1.626666666666666539e-01
1.626666666666666539e-01
1.626666666666666539e-01
1.626666666666666539e-01
1.626666666666666539e-01
1.626666666666666539e-01
1.626666666666666539e-01
1.626666666666666539e-01
1.626666666666666539e-01
1.626666666666666539e-01
1.626666666666666539e-01
1.626666666666666539e-01
1.626666666666666539e-01
1.626666666666666539e-01
1.626666666666666539e-01
1.626666666666666539e-01
1.626666666666666539e-01
1.626666666666666539e-01
1.626666666666666539e-01
1.626666666666666539e-01
1.626666666666666539e-01
1.626666666666666539e-01
1.626666666666666539e-01
1.626666666666666539e-01
1.626666666666666539e-01
1.626666666666666539e-01
1.626666666666666539e-01
1.626666666666666539e-01
1.626666666666666539e-01
1.626666666666666539e-01
1.626666666666666539e-01
1.626666666666666539e-01
1.626666666666666539e-01
1.626666666666666539e-01
1.626666666666666539e-01
1.626666666666666539e-01
1.626666666666666539e-01
1.626666666666666539e-01
1.626666666666666539e-01
1.626666666666666539e-01
1.626666666666666539e-01
1.626666666666666539e-01
1.626666666666666539e-01
1.626666666666666539e-01
1.626666666666666539e-01
1.626666666666666539e-01
1.626666666666666539e-01
1.626666666666666539e-01
1.626666666666666539e-01
1.626666666666666539e-01
1.626666666666666539e-01
1.626666666666666539e-01
1.626666666666666539e-01
1.626666666666666539e-01
1.626666666666666539e-01
1.626666666666666539e-01
1.626666666666666539e-01
1.626666666666666539e-01
1.626666666666666539e-01
1.626666666666666539e-01
1.626666666666666539e-01
1.623333333333333295e-01
1.623333333333333295e-01
1.623333333333333295e-01
1.623333333333333295e-01
1.623333333333333295e-01
1.623333333333333295e-01
1.623333333333333295e-01
1.623333333333333295e-01
1.623333333333333295e-01
1.623333333333333295e-01
1.623333333333333295e-01
1.623333333333333295e-01
1.623333333333333295e-01
1.623333333333333295e-01
1.623333333333333295e-01
1.623333333333333295e-01
1.623333333333333295e-01
1.623333333333333295e-01
1.623333333333333295e-01
1.623333333333333295e-01
1.623333333333333295e-01
1.623333333333333295e-01
1.623333333333333295e-01
1.623333333333333295e-01
1.623333333333333295e-01
1.623333333333333295e-01
1.623333333333333295e-01
1.623333333333333295e-01
1.623333333333333295e-01
1.623333333333333295e-01
1.623333333333333295e-01
1.623333333333333295e-01
1.623333333333333295e-01
1.623333333333333295e-01
1.623333333333333295e-01
1.623333333333333295e-01
1.623333333333333295e-01
1.623333333333333295e-01
1.623333333333333295e-01
1.623333333333333295e-01
1.623333333333333295e-01
1.623333333333333295e-01
1.623333333333333295e-01
1.623333333333333295e-01
1.623333333333333295e-01
1.623333333333333295e-01
1.623333333333333295e-01
1.623333333333333295e-01
1.623333333333333295e-01
1.623333333333333295e-01
1.623333333333333295e-01
1.623333333333333295e-01
1.623333333333333295e-01
1.623333333333333295e-01
1.623333333333333295e-01
1.623333333333333295e-01
1.623333333333333295e-01
1.623333333333333295e-01
1.623333333333333295e-01
1.623333333333333295e-01
1.623333333333333295e-01
1.623333333333333295e-01
1.623333333333333295e-01
1.623333333333333295e-01
1.623333333333333295e-01
1.623333333333333295e-01
1.623333333333333295e-01
1.623333333333333295e-01
1.623333333333333295e-01
1.623333333333333295e-01
1.623333333333333295e-01
1.623333333333333295e-01
1.623333333333333295e-01
1.623333333333333295e-01
1.623333333333333295e-01
1.623333333333333295e-01
1.623333333333333295e-01
1.623333333333333295e-01
1.623333333333333295e-01
1.623333333333333295e-01
1.623333333333333295e-01
1.623333333333333295e-01
1.623333333333333295e-01
1.623333333333333295e-01
1.623333333333333295e-01
1.623333333333333295e-01
1.623333333333333295e-01
1.623333333333333295e-01
1.623333333333333295e-01
1.623333333333333295e-01
1.623333333333333295e-01
1.623333333333333295e-01
1.623333333333333295e-01
1.623333333333333295e-01
1.623333333333333295e-01
1.623333333333333295e-01
1.623333333333333295e-01
1.623333333333333295e-01
1.623333333333333295e-01
1.623333333333333295e-01
1.623333333333333295e-01
1.623333333333333295e-01
1.623333333333333295e-01
1.623333333333333295e-01
1.623333333333333295e-01
1.623333333333333295e-01
1.623333333333333295e-01
1.623333333333333295e-01
1.623333333333333295e-01
1.623333333333333295e-01
1.623333333333333295e-01
1.623333333333333295e-01
1.623333333333333295e-01
1.623333333333333295e-01
1.623333333333333295e-01
1.623333333333333295e-01
1.623333333333333295e-01
1.623333333333333295e-01
1.623333333333333295e-01
1.623333333333333295e-01
1.623333333333333295e-01
1.623333333333333295e-01
1.623333333333333295e-01
1.623333333333333295e-01
1.623333333333333295e-01
1.623333333333333295e-01
1.623333333333333295e-01
1.623333333333333295e-01
1.623333333333333295e-01
1.623333333333333295e-01
1.623333333333333295e-01
1.623333333333333295e-01
1.623333333333333295e-01
1.623333333333333295e-01
1.623333333333333295e-01
1.623333333333333295e-01
1.623333333333333295e-01
1.623333333333333295e-01
1.623333333333333295e-01
1.623333333333333295e-01
1.623333333333333295e-01
1.623333333333333295e-01
1.623333333333333295e-01
1.623333333333333295e-01
1.623333333333333295e-01
1.623333333333333295e-01
1.623333333333333295e-01
1.623333333333333295e-01
1.623333333333333295e-01
1.623333333333333295e-01
1.623333333333333295e-01
1.620000000000000051e-01
1.620000000000000051e-01
1.620000000000000051e-01
1.620000000000000051e-01
1.620000000000000051e-01
1.620000000000000051e-01
1.620000000000000051e-01
1.620000000000000051e-01
1.620000000000000051e-01
1.620000000000000051e-01
1.620000000000000051e-01
1.620000000000000051e-01
1.620000000000000051e-01
1.620000000000000051e-01
1.620000000000000051e-01
1.620000000000000051e-01
1.620000000000000051e-01
1.620000000000000051e-01
1.620000000000000051e-01
1.620000000000000051e-01
1.620000000000000051e-01
1.620000000000000051e-01
1.620000000000000051e-01
1.620000000000000051e-01
1.620000000000000051e-01
1.620000000000000051e-01
1.620000000000000051e-01
1.620000000000000051e-01
1.620000000000000051e-01
1.620000000000000051e-01
1.620000000000000051e-01
1.620000000000000051e-01
1.620000000000000051e-01
1.620000000000000051e-01
1.616666666666666530e-01
1.616666666666666530e-01
1.616666666666666530e-01
1.616666666666666530e-01
1.616666666666666530e-01
1.616666666666666530e-01
1.613333333333333286e-01
1.613333333333333286e-01
1.613333333333333286e-01
1.613333333333333286e-01
1.613333333333333286e-01
1.613333333333333286e-01
1.613333333333333286e-01
1.613333333333333286e-01
1.613333333333333286e-01
1.613333333333333286e-01
1.613333333333333286e-01
1.613333333333333286e-01
1.610000000000000042e-01
1.610000000000000042e-01
1.610000000000000042e-01
1.610000000000000042e-01
1.610000000000000042e-01
1.610000000000000042e-01
1.610000000000000042e-01
1.610000000000000042e-01
1.610000000000000042e-01
1.610000000000000042e-01
1.610000000000000042e-01
1.610000000000000042e-01
1.610000000000000042e-01
1.610000000000000042e-01
1.610000000000000042e-01
1.610000000000000042e-01
1.610000000000000042e-01
1.610000000000000042e-01
1.610000000000000042e-01
1.610000000000000042e-01
1.610000000000000042e-01
1.610000000000000042e-01
1.610000000000000042e-01
1.610000000000000042e-01
1.610000000000000042e-01
1.610000000000000042e-01
1.610000000000000042e-01
1.610000000000000042e-01
1.610000000000000042e-01
1.610000000000000042e-01
1.610000000000000042e-01
1.610000000000000042e-01
1.610000000000000042e-01
1.610000000000000042e-01
1.610000000000000042e-01
1.610000000000000042e-01
1.610000000000000042e-01
1.610000000000000042e-01
1.610000000000000042e-01
1.610000000000000042e-01
1.606666666666666798e-01
1.606666666666666798e-01
1.606666666666666798e-01
1.606666666666666798e-01
1.606666666666666798e-01
1.606666666666666798e-01
1.606666666666666798e-01
1.606666666666666798e-01
1.606666666666666798e-01
1.606666666666666798e-01
1.606666666666666798e-01
1.606666666666666798e-01
1.606666666666666798e-01
1.606666666666666798e-01
1.606666666666666798e-01
1.606666666666666798e-01
1.606666666666666798e-01
1.606666666666666798e-01
1.606666666666666798e-01
1.606666666666666798e-01
1.606666666666666798e-01
1.606666666666666798e-01
1.606666666666666798e-01
1.606666666666666798e-01
1.606666666666666798e-01
1.606666666666666798e-01
1.606666666666666798e-01
1.606666666666666798e-01
1.606666666666666798e-01
1.606666666666666798e-01
1.606666666666666798e-01
1.606666666666666798e-01
1.606666666666666798e-01
1.606666666666666798e-01
1.606666666666666798e-01
1.606666666666666798e-01
1.606666666666666798e-01
1.606666666666666798e-01
1.606666666666666798e-01
1.606666666666666798e-01
1.606666666666666798e-01
1.606666666666666798e-01
1.606666666666666798e-01
1.606666666666666798e-01
1.606666666666666798e-01
1.606666666666666798e-01
1.606666666666666798e-01
1.606666666666666798e-01
1.606666666666666798e-01
1.606666666666666798e-01
1.606666666666666798e-01
1.606666666666666798e-01
1.606666666666666798e-01
1.606666666666666798e-01
1.606666666666666798e-01
1.606666666666666798e-01
1.606666666666666798e-01
1.606666666666666798e-01
1.606666666666666798e-01
1.606666666666666798e-01
1.606666666666666798e-01
1.606666666666666798e-01
1.606666666666666798e-01
1.606666666666666798e-01
1.606666666666666798e-01
1.606666666666666798e-01
1.606666666666666798e-01
1.606666666666666798e-01
1.606666666666666798e-01
1.606666666666666798e-01
1.606666666666666798e-01
1.606666666666666798e-01
1.606666666666666798e-01
1.606666666666666798e-01
1.606666666666666798e-01
1.606666666666666798e-01
1.606666666666666798e-01
1.606666666666666798e-01
1.606666666666666798e-01
1.606666666666666798e-01
1.606666666666666798e-01
1.606666666666666798e-01
1.606666666666666798e-01
1.606666666666666798e-01
1.606666666666666798e-01
1.606666666666666798e-01
1.606666666666666798e-01
1.606666666666666798e-01
1.606666666666666798e-01
1.606666666666666798e-01
1.606666666666666798e-01
1.606666666666666798e-01
1.606666666666666798e-01
1.606666666666666798e-01
1.606666666666666798e-01
1.606666666666666798e-01
1.606666666666666798e-01
1.606666666666666798e-01
1.606666666666666798e-01
1.606666666666666798e-01
1.606666666666666798e-01
1.606666666666666798e-01
1.606666666666666798e-01
1.606666666666666798e-01
1.606666666666666798e-01
1.606666666666666798e-01
1.606666666666666798e-01
1.606666666666666798e-01
1.606666666666666798e-01
1.606666666666666798e-01
1.606666666666666798e-01
1.606666666666666798e-01
1.606666666666666798e-01
1.606666666666666798e-01
1.606666666666666798e-01
1.606666666666666798e-01
1.606666666666666798e-01
1.606666666666666798e-01
1.606666666666666798e-01
1.606666666666666798e-01
1.606666666666666798e-01
1.606666666666666798e-01
1.606666666666666798e-01
1.606666666666666798e-01
1.606666666666666798e-01
1.606666666666666798e-01
1.606666666666666798e-01
1.606666666666666798e-01
1.606666666666666798e-01
1.606666666666666798e-01
1.606666666666666798e-01
1.606666666666666798e-01
1.606666666666666798e-01
1.606666666666666798e-01
1.606666666666666798e-01
1.606666666666666798e-01
1.606666666666666798e-01
1.606666666666666798e-01
1.606666666666666798e-01
1.606666666666666798e-01
1.606666666666666798e-01
1.606666666666666798e-01
1.606666666666666798e-01
1.606666666666666798e-01
1.606666666666666798e-01
1.606666666666666798e-01
1.606666666666666798e-01
1.606666666666666798e-01
1.606666666666666798e-01
1.606666666666666798e-01
1.606666666666666798e-01
1.606666666666666798e-01
1.606666666666666798e-01
1.606666666666666798e-01
1.606666666666666798e-01
1.606666666666666798e-01
1.606666666666666798e-01
1.606666666666666798e-01
1.606666666666666798e-01
1.606666666666666798e-01
1.606666666666666798e-01
1.606666666666666798e-01
1.606666666666666798e-01
1.606666666666666798e-01
1.606666666666666798e-01
1.606666666666666798e-01
1.606666666666666798e-01
1.606666666666666798e-01
1.606666666666666798e-01
1.606666666666666798e-01
1.606666666666666798e-01
1.606666666666666798e-01
1.606666666666666798e-01
1.606666666666666798e-01
1.606666666666666798e-01
1.606666666666666798e-01
1.606666666666666798e-01
1.606666666666666798e-01
1.606666666666666798e-01
1.606666666666666798e-01
1.606666666666666798e-01
1.606666666666666798e-01
1.606666666666666798e-01
1.606666666666666798e-01
1.606666666666666798e-01
1.606666666666666798e-01
1.606666666666666798e-01
1.606666666666666798e-01
1.606666666666666798e-01
1.606666666666666798e-01
1.606666666666666798e-01
1.606666666666666798e-01
1.606666666666666798e-01
1.606666666666666798e-01
1.606666666666666798e-01
1.606666666666666798e-01
1.606666666666666798e-01
1.606666666666666798e-01
1.606666666666666798e-01
1.606666666666666798e-01
1.606666666666666798e-01
1.606666666666666798e-01
1.606666666666666798e-01
1.606666666666666798e-01
1.606666666666666798e-01
1.606666666666666798e-01
1.606666666666666798e-01
1.606666666666666798e-01
1.606666666666666798e-01
1.606666666666666798e-01
1.606666666666666798e-01
1.606666666666666798e-01
1.606666666666666798e-01
1.606666666666666798e-01
1.606666666666666798e-01
1.606666666666666798e-01
1.606666666666666798e-01
1.606666666666666798e-01
1.606666666666666798e-01
1.606666666666666798e-01
1.606666666666666798e-01
1.606666666666666798e-01
1.606666666666666798e-01
1.606666666666666798e-01
1.606666666666666798e-01
1.606666666666666798e-01
1.606666666666666798e-01
1.606666666666666798e-01
1.606666666666666798e-01
1.606666666666666798e-01
1.606666666666666798e-01
1.606666666666666798e-01
1.606666666666666798e-01
1.606666666666666798e-01
1.606666666666666798e-01
1.606666666666666798e-01
1.606666666666666798e-01
1.606666666666666798e-01
1.606666666666666798e-01
1.606666666666666798e-01
1.606666666666666798e-01
1.606666666666666798e-01
1.606666666666666798e-01
1.606666666666666798e-01
1.606666666666666798e-01
1.606666666666666798e-01
1.606666666666666798e-01
1.606666666666666798e-01
1.606666666666666798e-01
1.606666666666666798e-01
1.606666666666666798e-01
1.606666666666666798e-01
1.606666666666666798e-01
1.606666666666666798e-01
1.606666666666666798e-01
1.606666666666666798e-01
1.606666666666666798e-01
1.606666666666666798e-01
1.606666666666666798e-01
1.606666666666666798e-01
1.606666666666666798e-01
1.606666666666666798e-01
1.606666666666666798e-01
1.606666666666666798e-01
1.606666666666666798e-01
1.606666666666666798e-01
1.606666666666666798e-01
1.606666666666666798e-01
1.606666666666666798e-01
1.606666666666666798e-01
1.606666666666666798e-01
1.606666666666666798e-01
1.606666666666666798e-01
1.606666666666666798e-01
1.606666666666666798e-01
1.606666666666666798e-01
1.603333333333333277e-01
1.603333333333333277e-01
1.603333333333333277e-01
1.603333333333333277e-01
1.603333333333333277e-01
1.603333333333333277e-01
1.603333333333333277e-01
1.603333333333333277e-01
1.603333333333333277e-01
1.603333333333333277e-01
1.603333333333333277e-01
1.603333333333333277e-01
1.603333333333333277e-01
1.600000000000000033e-01
1.600000000000000033e-01
1.600000000000000033e-01
1.600000000000000033e-01
1.600000000000000033e-01
1.600000000000000033e-01
1.600000000000000033e-01
1.600000000000000033e-01
1.600000000000000033e-01
1.600000000000000033e-01
1.600000000000000033e-01
1.600000000000000033e-01
1.600000000000000033e-01
1.600000000000000033e-01
1.600000000000000033e-01
1.600000000000000033e-01
1.600000000000000033e-01
1.600000000000000033e-01
1.600000000000000033e-01
1.600000000000000033e-01
1.600000000000000033e-01
1.600000000000000033e-01
1.600000000000000033e-01
1.600000000000000033e-01
1.600000000000000033e-01
1.600000000000000033e-01
1.600000000000000033e-01
1.600000000000000033e-01
1.600000000000000033e-01
1.600000000000000033e-01
1.600000000000000033e-01
1.600000000000000033e-01
1.600000000000000033e-01
1.600000000000000033e-01
1.600000000000000033e-01
1.600000000000000033e-01
1.600000000000000033e-01
1.600000000000000033e-01
1.600000000000000033e-01
1.600000000000000033e-01
1.600000000000000033e-01
1.600000000000000033e-01
1.600000000000000033e-01
1.600000000000000033e-01
1.600000000000000033e-01
1.600000000000000033e-01
1.600000000000000033e-01
1.600000000000000033e-01
1.600000000000000033e-01
1.600000000000000033e-01
1.600000000000000033e-01
1.600000000000000033e-01
1.600000000000000033e-01
1.600000000000000033e-01
1.600000000000000033e-01
1.600000000000000033e-01
1.600000000000000033e-01
1.600000000000000033e-01
1.600000000000000033e-01
1.600000000000000033e-01
1.600000000000000033e-01
1.600000000000000033e-01
1.600000000000000033e-01
1.600000000000000033e-01
1.600000000000000033e-01
1.600000000000000033e-01
1.600000000000000033e-01
1.600000000000000033e-01
1.600000000000000033e-01
1.600000000000000033e-01
1.600000000000000033e-01
1.600000000000000033e-01
1.600000000000000033e-01
1.600000000000000033e-01
1.600000000000000033e-01
1.600000000000000033e-01
1.600000000000000033e-01
1.600000000000000033e-01
1.600000000000000033e-01
1.600000000000000033e-01
1.600000000000000033e-01
1.600000000000000033e-01
1.600000000000000033e-01
1.600000000000000033e-01
1.600000000000000033e-01
1.600000000000000033e-01
1.600000000000000033e-01
1.600000000000000033e-01
1.600000000000000033e-01
1.600000000000000033e-01
1.600000000000000033e-01
1.600000000000000033e-01
1.600000000000000033e-01
1.600000000000000033e-01
1.600000000000000033e-01
1.600000000000000033e-01
1.600000000000000033e-01
1.600000000000000033e-01
1.600000000000000033e-01
1.600000000000000033e-01
1.600000000000000033e-01
1.600000000000000033e-01
1.600000000000000033e-01
1.600000000000000033e-01
1.600000000000000033e-01
1.600000000000000033e-01
1.600000000000000033e-01
1.600000000000000033e-01
1.600000000000000033e-01
1.600000000000000033e-01
1.600000000000000033e-01
1.600000000000000033e-01
1.600000000000000033e-01
1.600000000000000033e-01
1.600000000000000033e-01
1.600000000000000033e-01
1.600000000000000033e-01
1.600000000000000033e-01
1.600000000000000033e-01
1.600000000000000033e-01
1.600000000000000033e-01
1.600000000000000033e-01
1.600000000000000033e-01
1.600000000000000033e-01
1.600000000000000033e-01
1.600000000000000033e-01
1.600000000000000033e-01
1.600000000000000033e-01
1.600000000000000033e-01
1.600000000000000033e-01
1.600000000000000033e-01
1.600000000000000033e-01
1.600000000000000033e-01
1.600000000000000033e-01
1.600000000000000033e-01
1.600000000000000033e-01
1.600000000000000033e-01
1.600000000000000033e-01
1.600000000000000033e-01
1.600000000000000033e-01
1.600000000000000033e-01
1.600000000000000033e-01
1.600000000000000033e-01
1.600000000000000033e-01
1.600000000000000033e-01
1.600000000000000033e-01
1.600000000000000033e-01
1.600000000000000033e-01
1.600000000000000033e-01
1.600000000000000033e-01
1.600000000000000033e-01
1.600000000000000033e-01
1.600000000000000033e-01
1.600000000000000033e-01
1.600000000000000033e-01
1.600000000000000033e-01
1.600000000000000033e-01
1.600000000000000033e-01
1.600000000000000033e-01
1.600000000000000033e-01
1.600000000000000033e-01
1.600000000000000033e-01
1.600000000000000033e-01
1.600000000000000033e-01
1.600000000000000033e-01
1.600000000000000033e-01
1.600000000000000033e-01
1.600000000000000033e-01
1.600000000000000033e-01
1.600000000000000033e-01
1.600000000000000033e-01
1.600000000000000033e-01
1.600000000000000033e-01
1.600000000000000033e-01
1.600000000000000033e-01
1.600000000000000033e-01
1.600000000000000033e-01
1.600000000000000033e-01
1.600000000000000033e-01
1.600000000000000033e-01
1.600000000000000033e-01
1.600000000000000033e-01
1.600000000000000033e-01
1.600000000000000033e-01
1.600000000000000033e-01
1.600000000000000033e-01
1.600000000000000033e-01
1.600000000000000033e-01
1.600000000000000033e-01
1.600000000000000033e-01
1.600000000000000033e-01
1.600000000000000033e-01
1.600000000000000033e-01
1.600000000000000033e-01
1.600000000000000033e-01
