4.866666666666666918e-01
4.866666666666666918e-01
4.866666666666666918e-01
4.866666666666666918e-01
4.866666666666666918e-01
4.866666666666666918e-01
4.866666666666666918e-01
4.866666666666666918e-01
4.866666666666666918e-01
4.866666666666666918e-01
4.866666666666666918e-01
4.866666666666666918e-01
4.866666666666666918e-01
4.866666666666666918e-01
4.866666666666666918e-01
4.866666666666666918e-01
4.866666666666666918e-01
4.866666666666666918e-01
4.866666666666666918e-01
4.866666666666666918e-01
4.866666666666666918e-01
4.866666666666666918e-01
4.866666666666666918e-01
4.866666666666666918e-01
4.866666666666666918e-01
4.866666666666666918e-01
4.866666666666666918e-01
4.866666666666666918e-01
4.866666666666666918e-01
4.866666666666666918e-01
4.866666666666666918e-01
4.866666666666666918e-01
4.866666666666666918e-01
4.866666666666666918e-01
4.866666666666666918e-01
4.866666666666666918e-01
4.866666666666666918e-01
4.866666666666666918e-01
4.866666666666666918e-01
4.866666666666666918e-01
4.866666666666666918e-01
4.866666666666666918e-01
4.866666666666666918e-01
4.866666666666666918e-01
4.866666666666666918e-01
4.866666666666666918e-01
4.866666666666666918e-01
4.866666666666666918e-01
4.866666666666666918e-01
4.866666666666666918e-01
4.866666666666666918e-01
4.866666666666666918e-01
4.866666666666666918e-01
4.866666666666666918e-01
4.866666666666666918e-01
4.866666666666666918e-01
4.866666666666666918e-01
4.866666666666666918e-01
4.866666666666666918e-01
4.866666666666666918e-01
4.866666666666666918e-01
4.866666666666666918e-01
4.866666666666666918e-01
4.866666666666666918e-01
4.866666666666666918e-01
4.866666666666666918e-01
4.866666666666666918e-01
4.866666666666666918e-01
4.866666666666666918e-01
4.866666666666666918e-01
4.866666666666666918e-01
4.866666666666666918e-01
4.866666666666666918e-01
4.866666666666666918e-01
4.866666666666666918e-01
4.866666666666666918e-01
4.866666666666666918e-01
4.866666666666666918e-01
4.866666666666666918e-01
4.866666666666666918e-01
4.866666666666666918e-01
4.866666666666666918e-01
4.866666666666666918e-01
4.866666666666666918e-01
4.866666666666666918e-01
4.866666666666666918e-01
4.866666666666666918e-01
4.866666666666666918e-01
4.866666666666666918e-01
4.866666666666666918e-01
4.866666666666666918e-01
4.866666666666666918e-01
4.866666666666666918e-01
4.866666666666666918e-01
4.866666666666666918e-01
4.866666666666666918e-01
4.866666666666666918e-01
4.866666666666666918e-01
4.866666666666666918e-01
4.866666666666666918e-01
4.866666666666666918e-01
4.866666666666666918e-01
4.866666666666666918e-01
4.866666666666666918e-01
4.866666666666666918e-01
4.866666666666666918e-01
4.866666666666666918e-01
4.866666666666666918e-01
4.866666666666666918e-01
4.866666666666666918e-01
4.866666666666666918e-01
4.866666666666666918e-01
4.866666666666666918e-01
4.866666666666666918e-01
4.866666666666666918e-01
4.866666666666666918e-01
4.866666666666666918e-01
4.866666666666666918e-01
4.866666666666666918e-01
4.866666666666666918e-01
4.866666666666666918e-01
4.863333333333333397e-01
4.863333333333333397e-01
4.863333333333333397e-01
4.863333333333333397e-01
4.859999999999999876e-01
4.859999999999999876e-01
4.859999999999999876e-01
4.856666666666666909e-01
4.856666666666666909e-01
4.856666666666666909e-01
4.856666666666666909e-01
4.853333333333333388e-01
4.853333333333333388e-01
4.853333333333333388e-01
4.853333333333333388e-01
4.853333333333333388e-01
4.849999999999999867e-01
4.849999999999999867e-01
4.846666666666666901e-01
4.846666666666666901e-01
4.846666666666666901e-01
4.839999999999999858e-01
4.839999999999999858e-01
4.839999999999999858e-01
4.836666666666666892e-01
4.836666666666666892e-01
4.836666666666666892e-01
4.836666666666666892e-01
4.836666666666666892e-01
4.833333333333333370e-01
4.829999999999999849e-01
4.829999999999999849e-01
4.829999999999999849e-01
4.829999999999999849e-01
4.829999999999999849e-01
4.829999999999999849e-01
4.829999999999999849e-01
4.823333333333333361e-01
4.823333333333333361e-01
4.823333333333333361e-01
4.823333333333333361e-01
4.819999999999999840e-01
4.816666666666666874e-01
4.816666666666666874e-01
4.816666666666666874e-01
4.816666666666666874e-01
4.816666666666666874e-01
4.816666666666666874e-01
4.816666666666666874e-01
4.813333333333333353e-01
4.813333333333333353e-01
4.813333333333333353e-01
4.813333333333333353e-01
4.809999999999999831e-01
4.806666666666666865e-01
4.806666666666666865e-01
4.806666666666666865e-01
4.806666666666666865e-01
4.796666666666666856e-01
4.793333333333333335e-01
4.793333333333333335e-01
4.793333333333333335e-01
4.793333333333333335e-01
4.793333333333333335e-01
4.786666666666666847e-01
4.786666666666666847e-01
4.786666666666666847e-01
4.786666666666666847e-01
4.783333333333333326e-01
4.783333333333333326e-01
4.783333333333333326e-01
4.783333333333333326e-01
4.779999999999999805e-01
4.776666666666666838e-01
4.776666666666666838e-01
4.773333333333333317e-01
4.769999999999999796e-01
4.769999999999999796e-01
4.769999999999999796e-01
4.769999999999999796e-01
4.769999999999999796e-01
4.769999999999999796e-01
4.769999999999999796e-01
4.769999999999999796e-01
4.766666666666666829e-01
4.766666666666666829e-01
4.763333333333333308e-01
4.763333333333333308e-01
4.759999999999999787e-01
4.759999999999999787e-01
4.759999999999999787e-01
4.759999999999999787e-01
4.759999999999999787e-01
4.759999999999999787e-01
4.759999999999999787e-01
4.759999999999999787e-01
4.759999999999999787e-01
4.759999999999999787e-01
4.756666666666666821e-01
4.753333333333333299e-01
4.749999999999999778e-01
4.749999999999999778e-01
4.749999999999999778e-01
4.749999999999999778e-01
4.749999999999999778e-01
4.749999999999999778e-01
4.749999999999999778e-01
4.746666666666666812e-01
4.746666666666666812e-01
4.743333333333333290e-01
4.743333333333333290e-01
4.743333333333333290e-01
4.743333333333333290e-01
4.743333333333333290e-01
4.736666666666666803e-01
4.736666666666666803e-01
4.736666666666666803e-01
4.733333333333333282e-01
4.733333333333333282e-01
4.733333333333333282e-01
4.733333333333333282e-01
4.733333333333333282e-01
4.733333333333333282e-01
4.733333333333333282e-01
4.733333333333333282e-01
4.733333333333333282e-01
4.733333333333333282e-01
4.729999999999999760e-01
4.729999999999999760e-01
4.729999999999999760e-01
4.729999999999999760e-01
4.729999999999999760e-01
4.729999999999999760e-01
4.729999999999999760e-01
4.729999999999999760e-01
4.729999999999999760e-01
4.729999999999999760e-01
4.729999999999999760e-01
4.729999999999999760e-01
4.729999999999999760e-01
4.729999999999999760e-01
4.729999999999999760e-01
4.729999999999999760e-01
4.729999999999999760e-01
4.726666666666666794e-01
4.726666666666666794e-01
4.726666666666666794e-01
4.726666666666666794e-01
4.719999999999999751e-01
4.719999999999999751e-01
4.716666666666666785e-01
4.716666666666666785e-01
4.716666666666666785e-01
4.716666666666666785e-01
4.713333333333333264e-01
4.713333333333333264e-01
4.713333333333333264e-01
4.713333333333333264e-01
4.713333333333333264e-01
4.713333333333333264e-01
4.713333333333333264e-01
4.713333333333333264e-01
4.709999999999999742e-01
4.709999999999999742e-01
4.706666666666666776e-01
4.703333333333333255e-01
4.703333333333333255e-01
4.703333333333333255e-01
4.703333333333333255e-01
4.703333333333333255e-01
4.703333333333333255e-01
4.703333333333333255e-01
4.703333333333333255e-01
4.703333333333333255e-01
4.703333333333333255e-01
4.703333333333333255e-01
4.703333333333333255e-01
4.703333333333333255e-01
4.703333333333333255e-01
4.703333333333333255e-01
4.703333333333333255e-01
4.703333333333333255e-01
4.703333333333333255e-01
4.703333333333333255e-01
4.703333333333333255e-01
4.703333333333333255e-01
4.703333333333333255e-01
4.699999999999999734e-01
4.699999999999999734e-01
4.693333333333333246e-01
4.693333333333333246e-01
4.693333333333333246e-01
4.693333333333333246e-01
4.689999999999999725e-01
4.689999999999999725e-01
4.689999999999999725e-01
4.689999999999999725e-01
4.689999999999999725e-01
4.689999999999999725e-01
4.686666666666666758e-01
4.686666666666666758e-01
4.686666666666666758e-01
4.686666666666666758e-01
4.686666666666666758e-01
4.683333333333333237e-01
4.683333333333333237e-01
4.683333333333333237e-01
4.683333333333333237e-01
4.683333333333333237e-01
4.680000000000000271e-01
4.680000000000000271e-01
4.680000000000000271e-01
4.680000000000000271e-01
4.680000000000000271e-01
4.680000000000000271e-01
4.676666666666666750e-01
4.676666666666666750e-01
4.673333333333333228e-01
4.673333333333333228e-01
4.673333333333333228e-01
4.673333333333333228e-01
4.673333333333333228e-01
4.673333333333333228e-01
4.673333333333333228e-01
4.673333333333333228e-01
4.670000000000000262e-01
4.670000000000000262e-01
4.670000000000000262e-01
4.670000000000000262e-01
4.670000000000000262e-01
4.670000000000000262e-01
4.670000000000000262e-01
4.670000000000000262e-01
4.670000000000000262e-01
4.670000000000000262e-01
4.670000000000000262e-01
4.666666666666666741e-01
4.663333333333333219e-01
4.663333333333333219e-01
4.660000000000000253e-01
4.660000000000000253e-01
4.660000000000000253e-01
4.660000000000000253e-01
4.660000000000000253e-01
4.660000000000000253e-01
4.660000000000000253e-01
4.656666666666666732e-01
4.656666666666666732e-01
4.656666666666666732e-01
4.653333333333333210e-01
4.653333333333333210e-01
4.650000000000000244e-01
4.646666666666666723e-01
4.643333333333333202e-01
4.640000000000000235e-01
4.636666666666666714e-01
4.636666666666666714e-01
4.633333333333333193e-01
4.633333333333333193e-01
4.633333333333333193e-01
4.630000000000000226e-01
4.630000000000000226e-01
4.630000000000000226e-01
4.630000000000000226e-01
4.630000000000000226e-01
4.630000000000000226e-01
4.630000000000000226e-01
4.630000000000000226e-01
4.630000000000000226e-01
4.630000000000000226e-01
4.626666666666666705e-01
4.626666666666666705e-01
4.626666666666666705e-01
4.626666666666666705e-01
4.626666666666666705e-01
4.623333333333333184e-01
4.620000000000000218e-01
4.620000000000000218e-01
4.620000000000000218e-01
4.620000000000000218e-01
4.620000000000000218e-01
4.620000000000000218e-01
4.620000000000000218e-01
4.620000000000000218e-01
4.620000000000000218e-01
4.616666666666666696e-01
4.613333333333333175e-01
4.613333333333333175e-01
4.613333333333333175e-01
4.610000000000000209e-01
4.610000000000000209e-01
4.610000000000000209e-01
4.603333333333333166e-01
4.603333333333333166e-01
4.603333333333333166e-01
4.603333333333333166e-01
4.603333333333333166e-01
4.603333333333333166e-01
4.603333333333333166e-01
4.603333333333333166e-01
4.603333333333333166e-01
4.600000000000000200e-01
4.600000000000000200e-01
4.600000000000000200e-01
4.596666666666666679e-01
4.596666666666666679e-01
4.593333333333333157e-01
4.593333333333333157e-01
4.593333333333333157e-01
4.586666666666666670e-01
4.583333333333333148e-01
4.583333333333333148e-01
4.580000000000000182e-01
4.580000000000000182e-01
4.580000000000000182e-01
4.576666666666666661e-01
4.576666666666666661e-01
4.576666666666666661e-01
4.576666666666666661e-01
4.576666666666666661e-01
4.576666666666666661e-01
4.573333333333333139e-01
4.573333333333333139e-01
4.566666666666666652e-01
4.566666666666666652e-01
4.566666666666666652e-01
4.566666666666666652e-01
4.566666666666666652e-01
4.563333333333333131e-01
4.560000000000000164e-01
4.560000000000000164e-01
4.560000000000000164e-01
4.560000000000000164e-01
4.560000000000000164e-01
4.556666666666666643e-01
4.553333333333333122e-01
4.553333333333333122e-01
4.550000000000000155e-01
4.550000000000000155e-01
4.550000000000000155e-01
4.550000000000000155e-01
4.550000000000000155e-01
4.550000000000000155e-01
4.550000000000000155e-01
4.550000000000000155e-01
4.550000000000000155e-01
4.550000000000000155e-01
4.550000000000000155e-01
4.550000000000000155e-01
4.550000000000000155e-01
4.550000000000000155e-01
4.550000000000000155e-01
4.550000000000000155e-01
4.550000000000000155e-01
4.550000000000000155e-01
4.550000000000000155e-01
4.550000000000000155e-01
4.550000000000000155e-01
4.550000000000000155e-01
4.550000000000000155e-01
4.550000000000000155e-01
4.550000000000000155e-01
4.550000000000000155e-01
4.546666666666666634e-01
4.546666666666666634e-01
4.543333333333333113e-01
4.543333333333333113e-01
4.543333333333333113e-01
4.543333333333333113e-01
4.540000000000000147e-01
4.540000000000000147e-01
4.540000000000000147e-01
4.540000000000000147e-01
4.540000000000000147e-01
4.540000000000000147e-01
4.540000000000000147e-01
4.540000000000000147e-01
4.540000000000000147e-01
4.540000000000000147e-01
4.540000000000000147e-01
4.536666666666666625e-01
4.536666666666666625e-01
4.536666666666666625e-01
4.536666666666666625e-01
4.536666666666666625e-01
4.536666666666666625e-01
4.536666666666666625e-01
4.536666666666666625e-01
4.533333333333333104e-01
4.530000000000000138e-01
4.530000000000000138e-01
4.530000000000000138e-01
4.530000000000000138e-01
4.530000000000000138e-01
4.526666666666666616e-01
4.526666666666666616e-01
4.523333333333333095e-01
4.523333333333333095e-01
4.520000000000000129e-01
4.520000000000000129e-01
4.520000000000000129e-01
4.520000000000000129e-01
4.520000000000000129e-01
4.520000000000000129e-01
4.520000000000000129e-01
4.520000000000000129e-01
4.520000000000000129e-01
4.520000000000000129e-01
4.520000000000000129e-01
4.520000000000000129e-01
4.516666666666666607e-01
4.516666666666666607e-01
4.513333333333333086e-01
4.513333333333333086e-01
4.513333333333333086e-01
4.513333333333333086e-01
4.513333333333333086e-01
4.510000000000000120e-01
4.510000000000000120e-01
4.510000000000000120e-01
4.510000000000000120e-01
4.503333333333333077e-01
4.503333333333333077e-01
4.500000000000000111e-01
4.500000000000000111e-01
4.496666666666666590e-01
4.496666666666666590e-01
4.493333333333333068e-01
4.493333333333333068e-01
4.493333333333333068e-01
4.493333333333333068e-01
4.493333333333333068e-01
4.493333333333333068e-01
4.493333333333333068e-01
4.493333333333333068e-01
4.493333333333333068e-01
4.493333333333333068e-01
4.493333333333333068e-01
4.493333333333333068e-01
4.493333333333333068e-01
4.493333333333333068e-01
4.490000000000000102e-01
4.486666666666666581e-01
4.486666666666666581e-01
4.486666666666666581e-01
4.486666666666666581e-01
4.486666666666666581e-01
4.486666666666666581e-01
4.486666666666666581e-01
4.486666666666666581e-01
4.486666666666666581e-01
4.483333333333333059e-01
4.483333333333333059e-01
4.483333333333333059e-01
4.483333333333333059e-01
4.483333333333333059e-01
4.483333333333333059e-01
4.483333333333333059e-01
4.483333333333333059e-01
4.483333333333333059e-01
4.483333333333333059e-01
4.483333333333333059e-01
4.483333333333333059e-01
4.483333333333333059e-01
4.483333333333333059e-01
4.483333333333333059e-01
4.483333333333333059e-01
4.483333333333333059e-01
4.483333333333333059e-01
4.483333333333333059e-01
4.483333333333333059e-01
4.483333333333333059e-01
4.483333333333333059e-01
4.483333333333333059e-01
4.483333333333333059e-01
4.483333333333333059e-01
4.483333333333333059e-01
4.483333333333333059e-01
4.483333333333333059e-01
4.483333333333333059e-01
4.483333333333333059e-01
4.483333333333333059e-01
4.483333333333333059e-01
4.483333333333333059e-01
4.483333333333333059e-01
4.483333333333333059e-01
4.483333333333333059e-01
4.483333333333333059e-01
4.483333333333333059e-01
4.483333333333333059e-01
4.483333333333333059e-01
4.483333333333333059e-01
4.483333333333333059e-01
4.483333333333333059e-01
4.483333333333333059e-01
4.483333333333333059e-01
4.483333333333333059e-01
4.483333333333333059e-01
4.483333333333333059e-01
4.483333333333333059e-01
4.483333333333333059e-01
4.483333333333333059e-01
4.483333333333333059e-01
4.483333333333333059e-01
4.483333333333333059e-01
4.483333333333333059e-01
4.483333333333333059e-01
4.483333333333333059e-01
4.483333333333333059e-01
4.483333333333333059e-01
4.483333333333333059e-01
4.483333333333333059e-01
4.483333333333333059e-01
4.483333333333333059e-01
4.483333333333333059e-01
4.483333333333333059e-01
4.483333333333333059e-01
4.483333333333333059e-01
4.483333333333333059e-01
4.483333333333333059e-01
4.483333333333333059e-01
4.483333333333333059e-01
4.483333333333333059e-01
4.483333333333333059e-01
4.483333333333333059e-01
4.483333333333333059e-01
4.483333333333333059e-01
4.480000000000000093e-01
4.480000000000000093e-01
4.480000000000000093e-01
4.480000000000000093e-01
4.480000000000000093e-01
4.480000000000000093e-01
4.480000000000000093e-01
4.476666666666666572e-01
4.476666666666666572e-01
4.476666666666666572e-01
4.476666666666666572e-01
4.476666666666666572e-01
4.476666666666666572e-01
4.476666666666666572e-01
4.476666666666666572e-01
4.476666666666666572e-01
4.476666666666666572e-01
4.476666666666666572e-01
4.476666666666666572e-01
4.476666666666666572e-01
4.476666666666666572e-01
4.476666666666666572e-01
4.476666666666666572e-01
4.476666666666666572e-01
4.476666666666666572e-01
4.476666666666666572e-01
4.476666666666666572e-01
4.476666666666666572e-01
4.476666666666666572e-01
4.476666666666666572e-01
4.476666666666666572e-01
4.476666666666666572e-01
4.473333333333333606e-01
4.473333333333333606e-01
4.470000000000000084e-01
4.466666666666666563e-01
4.466666666666666563e-01
4.466666666666666563e-01
4.466666666666666563e-01
4.466666666666666563e-01
4.466666666666666563e-01
4.466666666666666563e-01
4.466666666666666563e-01
4.466666666666666563e-01
4.466666666666666563e-01
4.466666666666666563e-01
4.466666666666666563e-01
4.466666666666666563e-01
4.466666666666666563e-01
4.466666666666666563e-01
4.466666666666666563e-01
4.466666666666666563e-01
4.466666666666666563e-01
4.466666666666666563e-01
4.466666666666666563e-01
4.466666666666666563e-01
4.466666666666666563e-01
4.466666666666666563e-01
4.466666666666666563e-01
4.463333333333333597e-01
4.463333333333333597e-01
4.463333333333333597e-01
4.463333333333333597e-01
4.463333333333333597e-01
4.463333333333333597e-01
4.463333333333333597e-01
4.463333333333333597e-01
4.463333333333333597e-01
4.463333333333333597e-01
4.463333333333333597e-01
4.463333333333333597e-01
4.463333333333333597e-01
4.463333333333333597e-01
4.463333333333333597e-01
4.463333333333333597e-01
4.463333333333333597e-01
4.463333333333333597e-01
4.463333333333333597e-01
4.463333333333333597e-01
4.463333333333333597e-01
4.463333333333333597e-01
4.463333333333333597e-01
4.463333333333333597e-01
4.463333333333333597e-01
4.463333333333333597e-01
4.463333333333333597e-01
4.463333333333333597e-01
4.463333333333333597e-01
4.463333333333333597e-01
4.463333333333333597e-01
4.463333333333333597e-01
4.463333333333333597e-01
4.463333333333333597e-01
4.463333333333333597e-01
4.463333333333333597e-01
4.463333333333333597e-01
4.463333333333333597e-01
4.463333333333333597e-01
4.463333333333333597e-01
4.463333333333333597e-01
4.463333333333333597e-01
4.463333333333333597e-01
4.463333333333333597e-01
4.463333333333333597e-01
4.463333333333333597e-01
4.463333333333333597e-01
4.463333333333333597e-01
4.463333333333333597e-01
4.463333333333333597e-01
4.463333333333333597e-01
4.463333333333333597e-01
4.463333333333333597e-01
4.463333333333333597e-01
4.463333333333333597e-01
4.463333333333333597e-01
4.463333333333333597e-01
4.463333333333333597e-01
4.463333333333333597e-01
4.463333333333333597e-01
4.463333333333333597e-01
4.463333333333333597e-01
4.463333333333333597e-01
4.463333333333333597e-01
4.463333333333333597e-01
4.463333333333333597e-01
4.463333333333333597e-01
4.463333333333333597e-01
4.463333333333333597e-01
4.463333333333333597e-01
4.463333333333333597e-01
4.463333333333333597e-01
4.463333333333333597e-01
4.463333333333333597e-01
4.463333333333333597e-01
4.463333333333333597e-01
4.463333333333333597e-01
4.463333333333333597e-01
4.463333333333333597e-01
4.463333333333333597e-01
4.463333333333333597e-01
4.460000000000000075e-01
4.460000000000000075e-01
4.460000000000000075e-01
4.460000000000000075e-01
4.460000000000000075e-01
4.460000000000000075e-01
4.460000000000000075e-01
4.460000000000000075e-01
4.460000000000000075e-01
4.460000000000000075e-01
4.460000000000000075e-01
4.460000000000000075e-01
4.460000000000000075e-01
4.460000000000000075e-01
4.460000000000000075e-01
4.460000000000000075e-01
4.460000000000000075e-01
4.460000000000000075e-01
4.460000000000000075e-01
4.460000000000000075e-01
4.460000000000000075e-01
4.460000000000000075e-01
4.460000000000000075e-01
4.460000000000000075e-01
4.460000000000000075e-01
4.460000000000000075e-01
4.460000000000000075e-01
4.460000000000000075e-01
4.460000000000000075e-01
4.456666666666666554e-01
4.456666666666666554e-01
4.456666666666666554e-01
4.456666666666666554e-01
4.456666666666666554e-01
4.456666666666666554e-01
4.456666666666666554e-01
4.456666666666666554e-01
4.456666666666666554e-01
4.456666666666666554e-01
4.456666666666666554e-01
4.456666666666666554e-01
4.456666666666666554e-01
4.456666666666666554e-01
4.456666666666666554e-01
4.456666666666666554e-01
4.456666666666666554e-01
4.456666666666666554e-01
4.456666666666666554e-01
4.456666666666666554e-01
4.456666666666666554e-01
4.453333333333333588e-01
4.453333333333333588e-01
4.453333333333333588e-01
4.453333333333333588e-01
4.453333333333333588e-01
4.453333333333333588e-01
4.453333333333333588e-01
4.453333333333333588e-01
4.453333333333333588e-01
4.453333333333333588e-01
4.453333333333333588e-01
4.453333333333333588e-01
4.453333333333333588e-01
4.453333333333333588e-01
4.453333333333333588e-01
4.453333333333333588e-01
4.453333333333333588e-01
4.453333333333333588e-01
4.453333333333333588e-01
4.453333333333333588e-01
4.453333333333333588e-01
4.453333333333333588e-01
4.453333333333333588e-01
4.453333333333333588e-01
4.453333333333333588e-01
4.453333333333333588e-01
4.453333333333333588e-01
4.453333333333333588e-01
4.453333333333333588e-01
4.453333333333333588e-01
4.453333333333333588e-01
4.453333333333333588e-01
4.453333333333333588e-01
4.453333333333333588e-01
4.453333333333333588e-01
4.453333333333333588e-01
4.453333333333333588e-01
4.453333333333333588e-01
4.453333333333333588e-01
4.453333333333333588e-01
4.453333333333333588e-01
4.450000000000000067e-01
4.450000000000000067e-01
4.450000000000000067e-01
4.450000000000000067e-01
4.450000000000000067e-01
4.450000000000000067e-01
4.450000000000000067e-01
4.450000000000000067e-01
4.446666666666666545e-01
4.446666666666666545e-01
4.446666666666666545e-01
4.446666666666666545e-01
4.446666666666666545e-01
4.443333333333333579e-01
4.443333333333333579e-01
4.443333333333333579e-01
4.443333333333333579e-01
4.443333333333333579e-01
4.443333333333333579e-01
4.443333333333333579e-01
4.443333333333333579e-01
4.443333333333333579e-01
4.443333333333333579e-01
4.443333333333333579e-01
4.443333333333333579e-01
4.443333333333333579e-01
4.443333333333333579e-01
4.440000000000000058e-01
4.440000000000000058e-01
4.440000000000000058e-01
4.440000000000000058e-01
4.440000000000000058e-01
4.440000000000000058e-01
4.440000000000000058e-01
4.440000000000000058e-01
4.440000000000000058e-01
4.440000000000000058e-01
4.440000000000000058e-01
4.440000000000000058e-01
4.440000000000000058e-01
4.440000000000000058e-01
4.440000000000000058e-01
4.440000000000000058e-01
4.440000000000000058e-01
4.440000000000000058e-01
4.440000000000000058e-01
4.440000000000000058e-01
4.440000000000000058e-01
4.440000000000000058e-01
4.440000000000000058e-01
4.440000000000000058e-01
4.440000000000000058e-01
4.440000000000000058e-01
4.440000000000000058e-01
4.440000000000000058e-01
4.436666666666666536e-01
4.436666666666666536e-01
4.436666666666666536e-01
4.436666666666666536e-01
4.436666666666666536e-01
4.436666666666666536e-01
4.436666666666666536e-01
4.433333333333333570e-01
4.433333333333333570e-01
4.433333333333333570e-01
4.433333333333333570e-01
4.433333333333333570e-01
4.433333333333333570e-01
4.433333333333333570e-01
4.433333333333333570e-01
4.433333333333333570e-01
4.433333333333333570e-01
4.433333333333333570e-01
4.433333333333333570e-01
4.433333333333333570e-01
4.433333333333333570e-01
4.433333333333333570e-01
4.433333333333333570e-01
4.433333333333333570e-01
4.433333333333333570e-01
4.433333333333333570e-01
4.433333333333333570e-01
4.433333333333333570e-01
4.430000000000000049e-01
4.430000000000000049e-01
4.430000000000000049e-01
4.430000000000000049e-01
4.430000000000000049e-01
4.430000000000000049e-01
4.430000000000000049e-01
4.430000000000000049e-01
4.430000000000000049e-01
4.430000000000000049e-01
4.430000000000000049e-01
4.430000000000000049e-01
4.430000000000000049e-01
4.430000000000000049e-01
4.430000000000000049e-01
4.430000000000000049e-01
4.430000000000000049e-01
4.430000000000000049e-01
4.430000000000000049e-01
4.430000000000000049e-01
4.430000000000000049e-01
4.430000000000000049e-01
4.430000000000000049e-01
4.430000000000000049e-01
4.430000000000000049e-01
4.430000000000000049e-01
4.430000000000000049e-01
4.430000000000000049e-01
4.430000000000000049e-01
4.430000000000000049e-01
4.430000000000000049e-01
4.430000000000000049e-01
4.430000000000000049e-01
4.430000000000000049e-01
4.430000000000000049e-01
4.430000000000000049e-01
4.430000000000000049e-01
4.430000000000000049e-01
4.430000000000000049e-01
4.430000000000000049e-01
4.430000000000000049e-01
4.430000000000000049e-01
4.430000000000000049e-01
4.430000000000000049e-01
4.430000000000000049e-01
4.430000000000000049e-01
4.430000000000000049e-01
4.430000000000000049e-01
4.430000000000000049e-01
4.430000000000000049e-01
4.430000000000000049e-01
4.430000000000000049e-01
4.430000000000000049e-01
4.430000000000000049e-01
4.430000000000000049e-01
4.430000000000000049e-01
4.430000000000000049e-01
4.430000000000000049e-01
4.430000000000000049e-01
4.430000000000000049e-01
4.430000000000000049e-01
4.430000000000000049e-01
4.430000000000000049e-01
4.430000000000000049e-01
4.430000000000000049e-01
4.430000000000000049e-01
4.430000000000000049e-01
4.430000000000000049e-01
4.430000000000000049e-01
4.430000000000000049e-01
4.430000000000000049e-01
4.430000000000000049e-01
4.430000000000000049e-01
4.430000000000000049e-01
4.430000000000000049e-01
4.430000000000000049e-01
4.430000000000000049e-01
4.430000000000000049e-01
4.430000000000000049e-01
4.430000000000000049e-01
4.430000000000000049e-01
4.430000000000000049e-01
4.430000000000000049e-01
4.430000000000000049e-01
4.430000000000000049e-01
4.430000000000000049e-01
4.430000000000000049e-01
4.430000000000000049e-01
4.430000000000000049e-01
4.430000000000000049e-01
4.430000000000000049e-01
4.426666666666666528e-01
4.426666666666666528e-01
4.426666666666666528e-01
4.426666666666666528e-01
4.426666666666666528e-01
4.426666666666666528e-01
4.426666666666666528e-01
4.426666666666666528e-01
4.426666666666666528e-01
4.426666666666666528e-01
4.426666666666666528e-01
4.426666666666666528e-01
4.426666666666666528e-01
4.426666666666666528e-01
4.426666666666666528e-01
4.426666666666666528e-01
4.426666666666666528e-01
4.426666666666666528e-01
4.426666666666666528e-01
4.426666666666666528e-01
4.426666666666666528e-01
4.426666666666666528e-01
4.426666666666666528e-01
4.426666666666666528e-01
4.426666666666666528e-01
4.426666666666666528e-01
4.426666666666666528e-01
4.426666666666666528e-01
4.426666666666666528e-01
4.426666666666666528e-01
4.426666666666666528e-01
4.426666666666666528e-01
4.426666666666666528e-01
4.426666666666666528e-01
4.426666666666666528e-01
4.426666666666666528e-01
4.426666666666666528e-01
4.426666666666666528e-01
4.426666666666666528e-01
4.426666666666666528e-01
4.426666666666666528e-01
4.426666666666666528e-01
4.426666666666666528e-01
4.426666666666666528e-01
4.426666666666666528e-01
4.426666666666666528e-01
4.426666666666666528e-01
4.426666666666666528e-01
4.426666666666666528e-01
4.426666666666666528e-01
4.426666666666666528e-01
4.426666666666666528e-01
4.426666666666666528e-01
4.426666666666666528e-01
4.426666666666666528e-01
4.426666666666666528e-01
4.426666666666666528e-01
4.426666666666666528e-01
4.426666666666666528e-01
4.426666666666666528e-01
4.426666666666666528e-01
4.426666666666666528e-01
4.426666666666666528e-01
4.426666666666666528e-01
4.426666666666666528e-01
4.426666666666666528e-01
4.426666666666666528e-01
4.426666666666666528e-01
4.426666666666666528e-01
4.426666666666666528e-01
4.426666666666666528e-01
4.426666666666666528e-01
4.426666666666666528e-01
4.426666666666666528e-01
4.426666666666666528e-01
4.426666666666666528e-01
4.426666666666666528e-01
4.426666666666666528e-01
4.426666666666666528e-01
4.423333333333333561e-01
4.423333333333333561e-01
4.423333333333333561e-01
4.423333333333333561e-01
4.423333333333333561e-01
4.423333333333333561e-01
4.423333333333333561e-01
4.423333333333333561e-01
4.423333333333333561e-01
4.423333333333333561e-01
4.423333333333333561e-01
4.423333333333333561e-01
4.423333333333333561e-01
4.423333333333333561e-01
4.423333333333333561e-01
4.423333333333333561e-01
4.423333333333333561e-01
4.423333333333333561e-01
4.423333333333333561e-01
4.423333333333333561e-01
4.423333333333333561e-01
4.423333333333333561e-01
4.423333333333333561e-01
4.423333333333333561e-01
4.423333333333333561e-01
4.423333333333333561e-01
4.423333333333333561e-01
4.423333333333333561e-01
4.423333333333333561e-01
4.423333333333333561e-01
4.423333333333333561e-01
4.423333333333333561e-01
4.420000000000000040e-01
4.420000000000000040e-01
4.420000000000000040e-01
4.420000000000000040e-01
4.420000000000000040e-01
4.420000000000000040e-01
4.420000000000000040e-01
4.416666666666666519e-01
4.416666666666666519e-01
4.416666666666666519e-01
4.416666666666666519e-01
4.416666666666666519e-01
4.416666666666666519e-01
4.416666666666666519e-01
4.416666666666666519e-01
4.416666666666666519e-01
4.416666666666666519e-01
4.416666666666666519e-01
4.416666666666666519e-01
4.416666666666666519e-01
4.416666666666666519e-01
4.416666666666666519e-01
4.416666666666666519e-01
4.416666666666666519e-01
4.416666666666666519e-01
4.416666666666666519e-01
4.416666666666666519e-01
4.416666666666666519e-01
4.416666666666666519e-01
4.416666666666666519e-01
4.416666666666666519e-01
4.416666666666666519e-01
4.416666666666666519e-01
4.416666666666666519e-01
4.416666666666666519e-01
4.416666666666666519e-01
4.416666666666666519e-01
4.416666666666666519e-01
4.416666666666666519e-01
4.416666666666666519e-01
4.416666666666666519e-01
4.416666666666666519e-01
4.416666666666666519e-01
4.416666666666666519e-01
4.416666666666666519e-01
4.416666666666666519e-01
4.416666666666666519e-01
4.416666666666666519e-01
4.416666666666666519e-01
4.416666666666666519e-01
4.416666666666666519e-01
4.416666666666666519e-01
4.416666666666666519e-01
4.416666666666666519e-01
4.416666666666666519e-01
4.416666666666666519e-01
4.416666666666666519e-01
4.416666666666666519e-01
4.416666666666666519e-01
4.416666666666666519e-01
4.416666666666666519e-01
4.416666666666666519e-01
4.416666666666666519e-01
4.416666666666666519e-01
4.416666666666666519e-01
4.416666666666666519e-01
4.416666666666666519e-01
4.416666666666666519e-01
4.416666666666666519e-01
4.416666666666666519e-01
4.416666666666666519e-01
4.416666666666666519e-01
4.416666666666666519e-01
4.416666666666666519e-01
4.416666666666666519e-01
4.416666666666666519e-01
4.416666666666666519e-01
4.416666666666666519e-01
4.416666666666666519e-01
4.416666666666666519e-01
4.416666666666666519e-01
4.416666666666666519e-01
4.416666666666666519e-01
4.416666666666666519e-01
4.416666666666666519e-01
4.416666666666666519e-01
4.416666666666666519e-01
4.416666666666666519e-01
4.416666666666666519e-01
4.416666666666666519e-01
4.416666666666666519e-01
4.416666666666666519e-01
4.416666666666666519e-01
4.416666666666666519e-01
4.416666666666666519e-01
4.416666666666666519e-01
4.416666666666666519e-01
4.416666666666666519e-01
4.416666666666666519e-01
4.416666666666666519e-01
4.416666666666666519e-01
4.416666666666666519e-01
4.416666666666666519e-01
4.416666666666666519e-01
4.416666666666666519e-01
4.416666666666666519e-01
4.416666666666666519e-01
4.416666666666666519e-01
4.416666666666666519e-01
4.416666666666666519e-01
4.416666666666666519e-01
4.416666666666666519e-01
4.416666666666666519e-01
4.416666666666666519e-01
4.416666666666666519e-01
4.416666666666666519e-01
4.416666666666666519e-01
4.416666666666666519e-01
4.416666666666666519e-01
4.416666666666666519e-01
4.416666666666666519e-01
4.416666666666666519e-01
4.416666666666666519e-01
4.416666666666666519e-01
4.416666666666666519e-01
4.416666666666666519e-01
4.416666666666666519e-01
4.416666666666666519e-01
4.416666666666666519e-01
4.416666666666666519e-01
4.416666666666666519e-01
4.416666666666666519e-01
4.416666666666666519e-01
4.416666666666666519e-01
4.416666666666666519e-01
4.416666666666666519e-01
4.416666666666666519e-01
4.416666666666666519e-01
4.416666666666666519e-01
4.416666666666666519e-01
4.416666666666666519e-01
4.416666666666666519e-01
4.416666666666666519e-01
4.416666666666666519e-01
4.416666666666666519e-01
4.416666666666666519e-01
4.416666666666666519e-01
4.416666666666666519e-01
4.416666666666666519e-01
4.416666666666666519e-01
4.416666666666666519e-01
4.416666666666666519e-01
4.416666666666666519e-01
4.416666666666666519e-01
4.416666666666666519e-01
4.416666666666666519e-01
4.416666666666666519e-01
4.416666666666666519e-01
4.416666666666666519e-01
4.416666666666666519e-01
4.416666666666666519e-01
4.416666666666666519e-01
4.416666666666666519e-01
4.416666666666666519e-01
4.416666666666666519e-01
4.416666666666666519e-01
4.416666666666666519e-01
4.416666666666666519e-01
4.416666666666666519e-01
4.416666666666666519e-01
4.416666666666666519e-01
4.416666666666666519e-01
4.416666666666666519e-01
4.416666666666666519e-01
4.416666666666666519e-01
4.416666666666666519e-01
4.416666666666666519e-01
4.416666666666666519e-01
4.416666666666666519e-01
4.416666666666666519e-01
4.416666666666666519e-01
4.416666666666666519e-01
4.416666666666666519e-01
4.416666666666666519e-01
4.416666666666666519e-01
4.416666666666666519e-01
4.416666666666666519e-01
4.416666666666666519e-01
4.416666666666666519e-01
4.416666666666666519e-01
4.416666666666666519e-01
4.416666666666666519e-01
4.416666666666666519e-01
4.416666666666666519e-01
4.416666666666666519e-01
4.416666666666666519e-01
4.416666666666666519e-01
4.416666666666666519e-01
4.416666666666666519e-01
4.416666666666666519e-01
4.416666666666666519e-01
4.416666666666666519e-01
4.416666666666666519e-01
4.416666666666666519e-01
4.416666666666666519e-01
4.416666666666666519e-01
4.416666666666666519e-01
4.416666666666666519e-01
4.416666666666666519e-01
4.416666666666666519e-01
4.416666666666666519e-01
4.416666666666666519e-01
4.416666666666666519e-01
4.416666666666666519e-01
4.416666666666666519e-01
4.416666666666666519e-01
4.416666666666666519e-01
4.416666666666666519e-01
4.416666666666666519e-01
4.416666666666666519e-01
4.416666666666666519e-01
4.416666666666666519e-01
4.416666666666666519e-01
4.416666666666666519e-01
4.416666666666666519e-01
4.416666666666666519e-01
4.416666666666666519e-01
4.416666666666666519e-01
4.416666666666666519e-01
4.416666666666666519e-01
4.416666666666666519e-01
4.416666666666666519e-01
4.416666666666666519e-01
4.416666666666666519e-01
4.416666666666666519e-01
4.416666666666666519e-01
4.416666666666666519e-01
4.416666666666666519e-01
4.416666666666666519e-01
4.416666666666666519e-01
4.416666666666666519e-01
4.416666666666666519e-01
4.416666666666666519e-01
4.416666666666666519e-01
4.416666666666666519e-01
4.416666666666666519e-01
4.416666666666666519e-01
4.416666666666666519e-01
4.416666666666666519e-01
4.416666666666666519e-01
4.416666666666666519e-01
4.416666666666666519e-01
4.416666666666666519e-01
4.416666666666666519e-01
4.416666666666666519e-01
4.416666666666666519e-01
4.416666666666666519e-01
4.416666666666666519e-01
4.416666666666666519e-01
4.416666666666666519e-01
4.416666666666666519e-01
4.416666666666666519e-01
4.416666666666666519e-01
4.416666666666666519e-01
4.416666666666666519e-01
4.416666666666666519e-01
4.416666666666666519e-01
4.416666666666666519e-01
4.416666666666666519e-01
4.416666666666666519e-01
4.416666666666666519e-01
4.416666666666666519e-01
4.416666666666666519e-01
4.416666666666666519e-01
4.416666666666666519e-01
4.416666666666666519e-01
4.416666666666666519e-01
4.416666666666666519e-01
4.416666666666666519e-01
4.416666666666666519e-01
4.416666666666666519e-01
4.416666666666666519e-01
4.416666666666666519e-01
4.416666666666666519e-01
4.416666666666666519e-01
4.416666666666666519e-01
4.416666666666666519e-01
4.416666666666666519e-01
4.416666666666666519e-01
4.416666666666666519e-01
4.416666666666666519e-01
4.416666666666666519e-01
4.416666666666666519e-01
4.413333333333333552e-01
4.413333333333333552e-01
4.413333333333333552e-01
4.413333333333333552e-01
4.413333333333333552e-01
4.413333333333333552e-01
4.413333333333333552e-01
4.413333333333333552e-01
4.413333333333333552e-01
4.413333333333333552e-01
4.413333333333333552e-01
4.413333333333333552e-01
4.413333333333333552e-01
4.413333333333333552e-01
4.413333333333333552e-01
4.413333333333333552e-01
4.413333333333333552e-01
4.413333333333333552e-01
4.413333333333333552e-01
4.413333333333333552e-01
4.413333333333333552e-01
4.413333333333333552e-01
4.413333333333333552e-01
4.413333333333333552e-01
4.413333333333333552e-01
4.413333333333333552e-01
4.413333333333333552e-01
4.413333333333333552e-01
4.413333333333333552e-01
4.413333333333333552e-01
4.413333333333333552e-01
4.413333333333333552e-01
4.413333333333333552e-01
4.413333333333333552e-01
4.413333333333333552e-01
4.413333333333333552e-01
4.413333333333333552e-01
4.413333333333333552e-01
4.413333333333333552e-01
4.413333333333333552e-01
4.413333333333333552e-01
4.413333333333333552e-01
4.413333333333333552e-01
4.413333333333333552e-01
4.413333333333333552e-01
4.413333333333333552e-01
4.410000000000000031e-01
4.410000000000000031e-01
4.410000000000000031e-01
4.410000000000000031e-01
4.410000000000000031e-01
4.410000000000000031e-01
4.410000000000000031e-01
4.410000000000000031e-01
4.410000000000000031e-01
4.410000000000000031e-01
4.410000000000000031e-01
4.410000000000000031e-01
4.410000000000000031e-01
4.410000000000000031e-01
4.410000000000000031e-01
4.410000000000000031e-01
4.410000000000000031e-01
4.410000000000000031e-01
4.410000000000000031e-01
4.410000000000000031e-01
4.410000000000000031e-01
4.410000000000000031e-01
4.410000000000000031e-01
4.410000000000000031e-01
4.410000000000000031e-01
4.410000000000000031e-01
4.410000000000000031e-01
4.410000000000000031e-01
4.410000000000000031e-01
4.410000000000000031e-01
4.410000000000000031e-01
4.410000000000000031e-01
4.410000000000000031e-01
4.410000000000000031e-01
4.410000000000000031e-01
4.410000000000000031e-01
4.410000000000000031e-01
4.410000000000000031e-01
4.410000000000000031e-01
4.410000000000000031e-01
4.410000000000000031e-01
4.410000000000000031e-01
4.410000000000000031e-01
4.410000000000000031e-01
4.410000000000000031e-01
4.410000000000000031e-01
4.410000000000000031e-01
4.410000000000000031e-01
4.410000000000000031e-01
4.410000000000000031e-01
4.410000000000000031e-01
4.410000000000000031e-01
4.410000000000000031e-01
4.410000000000000031e-01
4.410000000000000031e-01
4.410000000000000031e-01
4.410000000000000031e-01
4.410000000000000031e-01
4.410000000000000031e-01
4.410000000000000031e-01
4.410000000000000031e-01
4.410000000000000031e-01
4.410000000000000031e-01
4.410000000000000031e-01
4.410000000000000031e-01
4.410000000000000031e-01
4.410000000000000031e-01
4.410000000000000031e-01
4.410000000000000031e-01
4.410000000000000031e-01
4.410000000000000031e-01
4.410000000000000031e-01
4.410000000000000031e-01
4.410000000000000031e-01
4.410000000000000031e-01
4.410000000000000031e-01
4.410000000000000031e-01
4.410000000000000031e-01
4.410000000000000031e-01
4.410000000000000031e-01
4.410000000000000031e-01
4.410000000000000031e-01
4.410000000000000031e-01
4.410000000000000031e-01
4.410000000000000031e-01
4.410000000000000031e-01
4.410000000000000031e-01
4.410000000000000031e-01
4.410000000000000031e-01
4.410000000000000031e-01
4.410000000000000031e-01
4.410000000000000031e-01
4.410000000000000031e-01
4.410000000000000031e-01
4.410000000000000031e-01
4.410000000000000031e-01
4.410000000000000031e-01
4.410000000000000031e-01
4.410000000000000031e-01
4.410000000000000031e-01
4.410000000000000031e-01
4.410000000000000031e-01
4.410000000000000031e-01
4.410000000000000031e-01
4.410000000000000031e-01
4.410000000000000031e-01
4.410000000000000031e-01
4.410000000000000031e-01
4.410000000000000031e-01
4.410000000000000031e-01
4.410000000000000031e-01
4.410000000000000031e-01
4.410000000000000031e-01
4.410000000000000031e-01
4.410000000000000031e-01
4.410000000000000031e-01
4.410000000000000031e-01
4.410000000000000031e-01
4.410000000000000031e-01
4.410000000000000031e-01
4.410000000000000031e-01
4.410000000000000031e-01
4.410000000000000031e-01
4.410000000000000031e-01
4.410000000000000031e-01
4.410000000000000031e-01
4.410000000000000031e-01
4.410000000000000031e-01
4.410000000000000031e-01
4.410000000000000031e-01
4.410000000000000031e-01
4.410000000000000031e-01
4.410000000000000031e-01
4.410000000000000031e-01
4.410000000000000031e-01
4.410000000000000031e-01
4.410000000000000031e-01
4.410000000000000031e-01
4.410000000000000031e-01
4.410000000000000031e-01
4.410000000000000031e-01
4.410000000000000031e-01
4.410000000000000031e-01
4.410000000000000031e-01
4.410000000000000031e-01
4.410000000000000031e-01
4.410000000000000031e-01
4.410000000000000031e-01
4.410000000000000031e-01
4.410000000000000031e-01
4.410000000000000031e-01
4.410000000000000031e-01
4.410000000000000031e-01
4.410000000000000031e-01
4.410000000000000031e-01
4.410000000000000031e-01
4.410000000000000031e-01
4.410000000000000031e-01
4.410000000000000031e-01
4.410000000000000031e-01
4.410000000000000031e-01
4.410000000000000031e-01
4.410000000000000031e-01
4.410000000000000031e-01
4.410000000000000031e-01
4.410000000000000031e-01
4.410000000000000031e-01
4.410000000000000031e-01
4.410000000000000031e-01
4.410000000000000031e-01
4.410000000000000031e-01
4.410000000000000031e-01
4.410000000000000031e-01
4.410000000000000031e-01
4.410000000000000031e-01
4.410000000000000031e-01
4.410000000000000031e-01
4.410000000000000031e-01
4.410000000000000031e-01
4.410000000000000031e-01
4.410000000000000031e-01
4.410000000000000031e-01
4.410000000000000031e-01
4.410000000000000031e-01
4.410000000000000031e-01
4.410000000000000031e-01
4.410000000000000031e-01
4.410000000000000031e-01
4.410000000000000031e-01
4.410000000000000031e-01
4.410000000000000031e-01
4.410000000000000031e-01
4.410000000000000031e-01
4.410000000000000031e-01
4.410000000000000031e-01
4.410000000000000031e-01
4.410000000000000031e-01
4.410000000000000031e-01
4.410000000000000031e-01
4.410000000000000031e-01
4.410000000000000031e-01
4.410000000000000031e-01
4.410000000000000031e-01
4.410000000000000031e-01
4.410000000000000031e-01
4.410000000000000031e-01
4.410000000000000031e-01
4.410000000000000031e-01
4.410000000000000031e-01
4.410000000000000031e-01
4.410000000000000031e-01
4.410000000000000031e-01
4.410000000000000031e-01
4.410000000000000031e-01
4.410000000000000031e-01
4.410000000000000031e-01
4.410000000000000031e-01
4.410000000000000031e-01
4.410000000000000031e-01
4.410000000000000031e-01
4.410000000000000031e-01
4.410000000000000031e-01
4.410000000000000031e-01
4.410000000000000031e-01
4.410000000000000031e-01
4.410000000000000031e-01
4.410000000000000031e-01
4.410000000000000031e-01
4.410000000000000031e-01
4.410000000000000031e-01
4.410000000000000031e-01
4.410000000000000031e-01
4.410000000000000031e-01
4.410000000000000031e-01
4.410000000000000031e-01
4.410000000000000031e-01
4.410000000000000031e-01
4.410000000000000031e-01
4.410000000000000031e-01
4.410000000000000031e-01
4.410000000000000031e-01
4.410000000000000031e-01
4.410000000000000031e-01
4.410000000000000031e-01
4.410000000000000031e-01
4.410000000000000031e-01
4.410000000000000031e-01
4.410000000000000031e-01
4.410000000000000031e-01
4.410000000000000031e-01
4.410000000000000031e-01
4.410000000000000031e-01
4.410000000000000031e-01
4.410000000000000031e-01
4.410000000000000031e-01
4.410000000000000031e-01
4.410000000000000031e-01
4.410000000000000031e-01
4.410000000000000031e-01
4.410000000000000031e-01
4.410000000000000031e-01
4.410000000000000031e-01
4.410000000000000031e-01
4.410000000000000031e-01
4.410000000000000031e-01
4.410000000000000031e-01
4.410000000000000031e-01
4.410000000000000031e-01
4.410000000000000031e-01
4.410000000000000031e-01
4.410000000000000031e-01
4.410000000000000031e-01
4.410000000000000031e-01
4.410000000000000031e-01
4.410000000000000031e-01
4.410000000000000031e-01
4.410000000000000031e-01
4.410000000000000031e-01
4.410000000000000031e-01
4.410000000000000031e-01
4.410000000000000031e-01
4.410000000000000031e-01
4.410000000000000031e-01
4.410000000000000031e-01
4.410000000000000031e-01
4.410000000000000031e-01
4.410000000000000031e-01
4.410000000000000031e-01
4.410000000000000031e-01
4.410000000000000031e-01
4.410000000000000031e-01
4.410000000000000031e-01
4.410000000000000031e-01
4.410000000000000031e-01
4.410000000000000031e-01
4.410000000000000031e-01
4.410000000000000031e-01
4.410000000000000031e-01
4.410000000000000031e-01
4.410000000000000031e-01
4.410000000000000031e-01
4.410000000000000031e-01
4.410000000000000031e-01
4.410000000000000031e-01
4.410000000000000031e-01
4.410000000000000031e-01
4.410000000000000031e-01
4.410000000000000031e-01
4.410000000000000031e-01
4.410000000000000031e-01
4.410000000000000031e-01
4.410000000000000031e-01
4.410000000000000031e-01
4.410000000000000031e-01
4.410000000000000031e-01
4.410000000000000031e-01
4.410000000000000031e-01
4.410000000000000031e-01
4.410000000000000031e-01
4.410000000000000031e-01
4.410000000000000031e-01
4.410000000000000031e-01
4.410000000000000031e-01
4.410000000000000031e-01
4.410000000000000031e-01
4.410000000000000031e-01
4.410000000000000031e-01
4.410000000000000031e-01
4.410000000000000031e-01
4.410000000000000031e-01
4.410000000000000031e-01
4.410000000000000031e-01
4.410000000000000031e-01
4.410000000000000031e-01
4.410000000000000031e-01
4.410000000000000031e-01
4.410000000000000031e-01
4.410000000000000031e-01
4.410000000000000031e-01
4.410000000000000031e-01
4.410000000000000031e-01
4.410000000000000031e-01
4.410000000000000031e-01
4.410000000000000031e-01
4.410000000000000031e-01
4.410000000000000031e-01
4.410000000000000031e-01
4.410000000000000031e-01
4.410000000000000031e-01
4.410000000000000031e-01
4.410000000000000031e-01
4.410000000000000031e-01
4.410000000000000031e-01
4.410000000000000031e-01
4.410000000000000031e-01
4.410000000000000031e-01
4.410000000000000031e-01
4.410000000000000031e-01
4.410000000000000031e-01
4.410000000000000031e-01
4.410000000000000031e-01
4.410000000000000031e-01
4.410000000000000031e-01
4.410000000000000031e-01
4.410000000000000031e-01
4.410000000000000031e-01
4.410000000000000031e-01
4.410000000000000031e-01
4.410000000000000031e-01
4.410000000000000031e-01
4.410000000000000031e-01
4.410000000000000031e-01
4.410000000000000031e-01
4.410000000000000031e-01
4.410000000000000031e-01
4.410000000000000031e-01
4.410000000000000031e-01
4.410000000000000031e-01
4.410000000000000031e-01
4.410000000000000031e-01
4.410000000000000031e-01
4.410000000000000031e-01
4.410000000000000031e-01
4.410000000000000031e-01
4.410000000000000031e-01
4.410000000000000031e-01
4.410000000000000031e-01
4.410000000000000031e-01
4.410000000000000031e-01
4.410000000000000031e-01
4.410000000000000031e-01
4.410000000000000031e-01
4.410000000000000031e-01
4.410000000000000031e-01
4.410000000000000031e-01
4.410000000000000031e-01
4.410000000000000031e-01
4.410000000000000031e-01
4.410000000000000031e-01
4.410000000000000031e-01
4.410000000000000031e-01
4.410000000000000031e-01
4.410000000000000031e-01
4.410000000000000031e-01
4.410000000000000031e-01
4.410000000000000031e-01
4.410000000000000031e-01
4.410000000000000031e-01
4.410000000000000031e-01
4.410000000000000031e-01
4.410000000000000031e-01
4.410000000000000031e-01
4.410000000000000031e-01
4.410000000000000031e-01
4.410000000000000031e-01
4.410000000000000031e-01
4.410000000000000031e-01
4.410000000000000031e-01
4.410000000000000031e-01
4.410000000000000031e-01
4.410000000000000031e-01
4.410000000000000031e-01
4.410000000000000031e-01
4.410000000000000031e-01
4.410000000000000031e-01
4.410000000000000031e-01
4.410000000000000031e-01
4.410000000000000031e-01
4.410000000000000031e-01
4.410000000000000031e-01
4.410000000000000031e-01
4.410000000000000031e-01
4.410000000000000031e-01
4.410000000000000031e-01
4.410000000000000031e-01
4.410000000000000031e-01
4.410000000000000031e-01
4.410000000000000031e-01
4.410000000000000031e-01
4.410000000000000031e-01
4.410000000000000031e-01
4.410000000000000031e-01
4.410000000000000031e-01
4.410000000000000031e-01
4.410000000000000031e-01
4.410000000000000031e-01
4.410000000000000031e-01
4.406666666666666510e-01
4.406666666666666510e-01
4.406666666666666510e-01
4.406666666666666510e-01
4.406666666666666510e-01
4.406666666666666510e-01
4.406666666666666510e-01
4.406666666666666510e-01
4.406666666666666510e-01
4.406666666666666510e-01
4.406666666666666510e-01
4.406666666666666510e-01
4.406666666666666510e-01
4.406666666666666510e-01
4.406666666666666510e-01
4.406666666666666510e-01
4.406666666666666510e-01
4.406666666666666510e-01
4.406666666666666510e-01
4.406666666666666510e-01
4.406666666666666510e-01
4.406666666666666510e-01
4.406666666666666510e-01
4.406666666666666510e-01
4.406666666666666510e-01
4.406666666666666510e-01
4.406666666666666510e-01
4.406666666666666510e-01
4.406666666666666510e-01
4.406666666666666510e-01
4.406666666666666510e-01
4.406666666666666510e-01
4.406666666666666510e-01
4.406666666666666510e-01
4.406666666666666510e-01
4.406666666666666510e-01
4.406666666666666510e-01
4.406666666666666510e-01
4.406666666666666510e-01
4.406666666666666510e-01
4.406666666666666510e-01
4.406666666666666510e-01
4.406666666666666510e-01
4.406666666666666510e-01
4.406666666666666510e-01
4.406666666666666510e-01
4.406666666666666510e-01
4.406666666666666510e-01
4.406666666666666510e-01
4.406666666666666510e-01
