4.816666666666666874e-01
4.816666666666666874e-01
4.816666666666666874e-01
4.816666666666666874e-01
4.816666666666666874e-01
4.816666666666666874e-01
4.816666666666666874e-01
4.816666666666666874e-01
4.816666666666666874e-01
4.816666666666666874e-01
4.816666666666666874e-01
4.816666666666666874e-01
4.816666666666666874e-01
4.816666666666666874e-01
4.816666666666666874e-01
4.816666666666666874e-01
4.816666666666666874e-01
4.816666666666666874e-01
4.816666666666666874e-01
4.816666666666666874e-01
4.816666666666666874e-01
4.816666666666666874e-01
4.816666666666666874e-01
4.816666666666666874e-01
4.816666666666666874e-01
4.816666666666666874e-01
4.816666666666666874e-01
4.816666666666666874e-01
4.816666666666666874e-01
4.816666666666666874e-01
4.816666666666666874e-01
4.816666666666666874e-01
4.816666666666666874e-01
4.816666666666666874e-01
4.816666666666666874e-01
4.816666666666666874e-01
4.816666666666666874e-01
4.816666666666666874e-01
4.816666666666666874e-01
4.816666666666666874e-01
4.816666666666666874e-01
4.816666666666666874e-01
4.816666666666666874e-01
4.816666666666666874e-01
4.816666666666666874e-01
4.816666666666666874e-01
4.816666666666666874e-01
4.816666666666666874e-01
4.816666666666666874e-01
4.816666666666666874e-01
4.816666666666666874e-01
4.816666666666666874e-01
4.816666666666666874e-01
4.816666666666666874e-01
4.816666666666666874e-01
4.816666666666666874e-01
4.816666666666666874e-01
4.816666666666666874e-01
4.816666666666666874e-01
4.816666666666666874e-01
4.816666666666666874e-01
4.816666666666666874e-01
4.816666666666666874e-01
4.816666666666666874e-01
4.816666666666666874e-01
4.816666666666666874e-01
4.816666666666666874e-01
4.816666666666666874e-01
4.816666666666666874e-01
4.816666666666666874e-01
4.816666666666666874e-01
4.816666666666666874e-01
4.816666666666666874e-01
4.816666666666666874e-01
4.816666666666666874e-01
4.816666666666666874e-01
4.816666666666666874e-01
4.813333333333333353e-01
4.809999999999999831e-01
4.809999999999999831e-01
4.809999999999999831e-01
4.806666666666666865e-01
4.796666666666666856e-01
4.793333333333333335e-01
4.793333333333333335e-01
4.789999999999999813e-01
4.783333333333333326e-01
4.783333333333333326e-01
4.783333333333333326e-01
4.783333333333333326e-01
4.783333333333333326e-01
4.783333333333333326e-01
4.779999999999999805e-01
4.776666666666666838e-01
4.773333333333333317e-01
4.773333333333333317e-01
4.766666666666666829e-01
4.763333333333333308e-01
4.759999999999999787e-01
4.753333333333333299e-01
4.746666666666666812e-01
4.743333333333333290e-01
4.743333333333333290e-01
4.739999999999999769e-01
4.736666666666666803e-01
4.736666666666666803e-01
4.736666666666666803e-01
4.733333333333333282e-01
4.733333333333333282e-01
4.729999999999999760e-01
4.729999999999999760e-01
4.726666666666666794e-01
4.723333333333333273e-01
4.716666666666666785e-01
4.713333333333333264e-01
4.709999999999999742e-01
4.706666666666666776e-01
4.706666666666666776e-01
4.699999999999999734e-01
4.699999999999999734e-01
4.699999999999999734e-01
4.696666666666666767e-01
4.696666666666666767e-01
4.696666666666666767e-01
4.696666666666666767e-01
4.696666666666666767e-01
4.696666666666666767e-01
4.693333333333333246e-01
4.689999999999999725e-01
4.689999999999999725e-01
4.689999999999999725e-01
4.689999999999999725e-01
4.689999999999999725e-01
4.689999999999999725e-01
4.686666666666666758e-01
4.686666666666666758e-01
4.686666666666666758e-01
4.683333333333333237e-01
4.683333333333333237e-01
4.683333333333333237e-01
4.683333333333333237e-01
4.676666666666666750e-01
4.673333333333333228e-01
4.673333333333333228e-01
4.670000000000000262e-01
4.670000000000000262e-01
4.670000000000000262e-01
4.670000000000000262e-01
4.670000000000000262e-01
4.663333333333333219e-01
4.663333333333333219e-01
4.663333333333333219e-01
4.663333333333333219e-01
4.663333333333333219e-01
4.656666666666666732e-01
4.656666666666666732e-01
4.656666666666666732e-01
4.656666666666666732e-01
4.656666666666666732e-01
4.653333333333333210e-01
4.650000000000000244e-01
4.650000000000000244e-01
4.646666666666666723e-01
4.643333333333333202e-01
4.643333333333333202e-01
4.643333333333333202e-01
4.643333333333333202e-01
4.643333333333333202e-01
4.640000000000000235e-01
4.640000000000000235e-01
4.636666666666666714e-01
4.636666666666666714e-01
4.630000000000000226e-01
4.630000000000000226e-01
4.630000000000000226e-01
4.623333333333333184e-01
4.623333333333333184e-01
4.620000000000000218e-01
4.616666666666666696e-01
4.613333333333333175e-01
4.613333333333333175e-01
4.610000000000000209e-01
4.610000000000000209e-01
4.610000000000000209e-01
4.603333333333333166e-01
4.600000000000000200e-01
4.600000000000000200e-01
4.596666666666666679e-01
4.593333333333333157e-01
4.586666666666666670e-01
4.586666666666666670e-01
4.586666666666666670e-01
4.583333333333333148e-01
4.583333333333333148e-01
4.583333333333333148e-01
4.576666666666666661e-01
4.570000000000000173e-01
4.570000000000000173e-01
4.570000000000000173e-01
4.570000000000000173e-01
4.570000000000000173e-01
4.570000000000000173e-01
4.570000000000000173e-01
4.570000000000000173e-01
4.570000000000000173e-01
4.570000000000000173e-01
4.570000000000000173e-01
4.563333333333333131e-01
4.563333333333333131e-01
4.560000000000000164e-01
4.560000000000000164e-01
4.556666666666666643e-01
4.553333333333333122e-01
4.553333333333333122e-01
4.553333333333333122e-01
4.553333333333333122e-01
4.553333333333333122e-01
4.553333333333333122e-01
4.553333333333333122e-01
4.550000000000000155e-01
4.543333333333333113e-01
4.540000000000000147e-01
4.540000000000000147e-01
4.540000000000000147e-01
4.540000000000000147e-01
4.540000000000000147e-01
4.540000000000000147e-01
4.540000000000000147e-01
4.540000000000000147e-01
4.540000000000000147e-01
4.540000000000000147e-01
4.536666666666666625e-01
4.536666666666666625e-01
4.536666666666666625e-01
4.533333333333333104e-01
4.530000000000000138e-01
4.526666666666666616e-01
4.526666666666666616e-01
4.526666666666666616e-01
4.526666666666666616e-01
4.526666666666666616e-01
4.523333333333333095e-01
4.523333333333333095e-01
4.523333333333333095e-01
4.523333333333333095e-01
4.523333333333333095e-01
4.520000000000000129e-01
4.516666666666666607e-01
4.516666666666666607e-01
4.516666666666666607e-01
4.516666666666666607e-01
4.516666666666666607e-01
4.516666666666666607e-01
4.516666666666666607e-01
4.516666666666666607e-01
4.516666666666666607e-01
4.516666666666666607e-01
4.516666666666666607e-01
4.513333333333333086e-01
4.513333333333333086e-01
4.513333333333333086e-01
4.510000000000000120e-01
4.510000000000000120e-01
4.510000000000000120e-01
4.506666666666666599e-01
4.506666666666666599e-01
4.506666666666666599e-01
4.506666666666666599e-01
4.506666666666666599e-01
4.506666666666666599e-01
4.506666666666666599e-01
4.506666666666666599e-01
4.506666666666666599e-01
4.506666666666666599e-01
4.506666666666666599e-01
4.506666666666666599e-01
4.503333333333333077e-01
4.503333333333333077e-01
4.500000000000000111e-01
4.496666666666666590e-01
4.496666666666666590e-01
4.496666666666666590e-01
4.496666666666666590e-01
4.496666666666666590e-01
4.496666666666666590e-01
4.493333333333333068e-01
4.493333333333333068e-01
4.493333333333333068e-01
4.493333333333333068e-01
4.493333333333333068e-01
4.490000000000000102e-01
4.490000000000000102e-01
4.486666666666666581e-01
4.486666666666666581e-01
4.483333333333333059e-01
4.483333333333333059e-01
4.480000000000000093e-01
4.480000000000000093e-01
4.480000000000000093e-01
4.480000000000000093e-01
4.480000000000000093e-01
4.480000000000000093e-01
4.480000000000000093e-01
4.476666666666666572e-01
4.476666666666666572e-01
4.476666666666666572e-01
4.476666666666666572e-01
4.476666666666666572e-01
4.476666666666666572e-01
4.476666666666666572e-01
4.476666666666666572e-01
4.476666666666666572e-01
4.473333333333333606e-01
4.473333333333333606e-01
4.473333333333333606e-01
4.473333333333333606e-01
4.473333333333333606e-01
4.473333333333333606e-01
4.473333333333333606e-01
4.473333333333333606e-01
4.470000000000000084e-01
4.470000000000000084e-01
4.463333333333333597e-01
4.463333333333333597e-01
4.463333333333333597e-01
4.463333333333333597e-01
4.460000000000000075e-01
4.456666666666666554e-01
4.456666666666666554e-01
4.453333333333333588e-01
4.450000000000000067e-01
4.450000000000000067e-01
4.450000000000000067e-01
4.450000000000000067e-01
4.443333333333333579e-01
4.443333333333333579e-01
4.443333333333333579e-01
4.443333333333333579e-01
4.443333333333333579e-01
4.443333333333333579e-01
4.443333333333333579e-01
4.443333333333333579e-01
4.440000000000000058e-01
4.440000000000000058e-01
4.433333333333333570e-01
4.430000000000000049e-01
4.430000000000000049e-01
4.430000000000000049e-01
4.430000000000000049e-01
4.430000000000000049e-01
4.430000000000000049e-01
4.430000000000000049e-01
4.430000000000000049e-01
4.430000000000000049e-01
4.426666666666666528e-01
4.426666666666666528e-01
4.426666666666666528e-01
4.426666666666666528e-01
4.426666666666666528e-01
4.426666666666666528e-01
4.426666666666666528e-01
4.426666666666666528e-01
4.423333333333333561e-01
4.420000000000000040e-01
4.420000000000000040e-01
4.420000000000000040e-01
4.420000000000000040e-01
4.416666666666666519e-01
4.416666666666666519e-01
4.413333333333333552e-01
4.413333333333333552e-01
4.410000000000000031e-01
4.406666666666666510e-01
4.406666666666666510e-01
4.406666666666666510e-01
4.406666666666666510e-01
4.403333333333333544e-01
4.403333333333333544e-01
4.403333333333333544e-01
4.403333333333333544e-01
4.403333333333333544e-01
4.403333333333333544e-01
4.403333333333333544e-01
4.403333333333333544e-01
4.403333333333333544e-01
4.403333333333333544e-01
4.403333333333333544e-01
4.403333333333333544e-01
4.400000000000000022e-01
4.400000000000000022e-01
4.400000000000000022e-01
4.400000000000000022e-01
4.400000000000000022e-01
4.400000000000000022e-01
4.400000000000000022e-01
4.400000000000000022e-01
4.400000000000000022e-01
4.400000000000000022e-01
4.400000000000000022e-01
4.400000000000000022e-01
4.400000000000000022e-01
4.396666666666666501e-01
4.396666666666666501e-01
4.396666666666666501e-01
4.396666666666666501e-01
4.396666666666666501e-01
4.396666666666666501e-01
4.396666666666666501e-01
4.396666666666666501e-01
4.396666666666666501e-01
4.396666666666666501e-01
4.396666666666666501e-01
4.396666666666666501e-01
4.396666666666666501e-01
4.396666666666666501e-01
4.396666666666666501e-01
4.396666666666666501e-01
4.396666666666666501e-01
4.396666666666666501e-01
4.396666666666666501e-01
4.393333333333333535e-01
4.393333333333333535e-01
4.393333333333333535e-01
4.393333333333333535e-01
4.393333333333333535e-01
4.393333333333333535e-01
4.393333333333333535e-01
4.393333333333333535e-01
4.390000000000000013e-01
4.390000000000000013e-01
4.390000000000000013e-01
4.390000000000000013e-01
4.390000000000000013e-01
4.390000000000000013e-01
4.390000000000000013e-01
4.390000000000000013e-01
4.386666666666666492e-01
4.386666666666666492e-01
4.386666666666666492e-01
4.383333333333333526e-01
4.383333333333333526e-01
4.383333333333333526e-01
4.383333333333333526e-01
4.383333333333333526e-01
4.383333333333333526e-01
4.383333333333333526e-01
4.383333333333333526e-01
4.383333333333333526e-01
4.383333333333333526e-01
4.380000000000000004e-01
4.380000000000000004e-01
4.380000000000000004e-01
4.380000000000000004e-01
4.376666666666666483e-01
4.376666666666666483e-01
4.376666666666666483e-01
4.376666666666666483e-01
4.376666666666666483e-01
4.373333333333333517e-01
4.373333333333333517e-01
4.373333333333333517e-01
4.373333333333333517e-01
4.373333333333333517e-01
4.373333333333333517e-01
4.373333333333333517e-01
4.373333333333333517e-01
4.373333333333333517e-01
4.373333333333333517e-01
4.373333333333333517e-01
4.369999999999999996e-01
4.369999999999999996e-01
4.369999999999999996e-01
4.369999999999999996e-01
4.369999999999999996e-01
4.369999999999999996e-01
4.366666666666666474e-01
4.366666666666666474e-01
4.366666666666666474e-01
4.366666666666666474e-01
4.366666666666666474e-01
4.366666666666666474e-01
4.366666666666666474e-01
4.366666666666666474e-01
4.366666666666666474e-01
4.366666666666666474e-01
4.366666666666666474e-01
4.366666666666666474e-01
4.359999999999999987e-01
4.359999999999999987e-01
4.359999999999999987e-01
4.359999999999999987e-01
4.359999999999999987e-01
4.359999999999999987e-01
4.359999999999999987e-01
4.359999999999999987e-01
4.359999999999999987e-01
4.359999999999999987e-01
4.359999999999999987e-01
4.359999999999999987e-01
4.356666666666666465e-01
4.353333333333333499e-01
4.353333333333333499e-01
4.349999999999999978e-01
4.349999999999999978e-01
4.349999999999999978e-01
4.349999999999999978e-01
4.349999999999999978e-01
4.349999999999999978e-01
4.349999999999999978e-01
4.349999999999999978e-01
4.349999999999999978e-01
4.349999999999999978e-01
4.349999999999999978e-01
4.349999999999999978e-01
4.349999999999999978e-01
4.349999999999999978e-01
4.349999999999999978e-01
4.349999999999999978e-01
4.346666666666666456e-01
4.346666666666666456e-01
4.346666666666666456e-01
4.346666666666666456e-01
4.346666666666666456e-01
4.346666666666666456e-01
4.346666666666666456e-01
4.346666666666666456e-01
4.346666666666666456e-01
4.346666666666666456e-01
4.343333333333333490e-01
4.343333333333333490e-01
4.343333333333333490e-01
4.343333333333333490e-01
4.343333333333333490e-01
4.343333333333333490e-01
4.336666666666666448e-01
4.336666666666666448e-01
4.336666666666666448e-01
4.336666666666666448e-01
4.336666666666666448e-01
4.336666666666666448e-01
4.336666666666666448e-01
4.336666666666666448e-01
4.336666666666666448e-01
4.336666666666666448e-01
4.336666666666666448e-01
4.336666666666666448e-01
4.336666666666666448e-01
4.336666666666666448e-01
4.336666666666666448e-01
4.336666666666666448e-01
4.333333333333333481e-01
4.329999999999999960e-01
4.329999999999999960e-01
4.329999999999999960e-01
4.329999999999999960e-01
4.329999999999999960e-01
4.326666666666666439e-01
4.326666666666666439e-01
4.326666666666666439e-01
4.326666666666666439e-01
4.323333333333333472e-01
4.319999999999999951e-01
4.319999999999999951e-01
4.319999999999999951e-01
4.319999999999999951e-01
4.319999999999999951e-01
4.319999999999999951e-01
4.316666666666666430e-01
4.313333333333333464e-01
4.313333333333333464e-01
4.313333333333333464e-01
4.313333333333333464e-01
4.313333333333333464e-01
4.313333333333333464e-01
4.313333333333333464e-01
4.309999999999999942e-01
4.306666666666666421e-01
4.306666666666666421e-01
4.303333333333333455e-01
4.303333333333333455e-01
4.303333333333333455e-01
4.303333333333333455e-01
4.303333333333333455e-01
4.303333333333333455e-01
4.299999999999999933e-01
4.299999999999999933e-01
4.299999999999999933e-01
4.299999999999999933e-01
4.299999999999999933e-01
4.296666666666666412e-01
4.296666666666666412e-01
4.296666666666666412e-01
4.296666666666666412e-01
4.296666666666666412e-01
4.296666666666666412e-01
4.293333333333333446e-01
4.293333333333333446e-01
4.293333333333333446e-01
4.293333333333333446e-01
4.293333333333333446e-01
4.293333333333333446e-01
4.293333333333333446e-01
4.293333333333333446e-01
4.293333333333333446e-01
4.293333333333333446e-01
4.293333333333333446e-01
4.293333333333333446e-01
4.293333333333333446e-01
4.293333333333333446e-01
4.293333333333333446e-01
4.293333333333333446e-01
4.293333333333333446e-01
4.286666666666666403e-01
4.286666666666666403e-01
4.286666666666666403e-01
4.283333333333333437e-01
4.279999999999999916e-01
4.279999999999999916e-01
4.279999999999999916e-01
4.279999999999999916e-01
4.279999999999999916e-01
4.279999999999999916e-01
4.279999999999999916e-01
4.279999999999999916e-01
4.279999999999999916e-01
4.279999999999999916e-01
4.279999999999999916e-01
4.279999999999999916e-01
4.279999999999999916e-01
4.279999999999999916e-01
4.279999999999999916e-01
4.276666666666666394e-01
4.276666666666666394e-01
4.276666666666666394e-01
4.276666666666666394e-01
4.276666666666666394e-01
4.276666666666666394e-01
4.276666666666666394e-01
4.276666666666666394e-01
4.276666666666666394e-01
4.276666666666666394e-01
4.276666666666666394e-01
4.276666666666666394e-01
4.276666666666666394e-01
4.276666666666666394e-01
4.276666666666666394e-01
4.276666666666666394e-01
4.276666666666666394e-01
4.276666666666666394e-01
4.276666666666666394e-01
4.276666666666666394e-01
4.276666666666666394e-01
4.276666666666666394e-01
4.276666666666666394e-01
4.276666666666666394e-01
4.273333333333333428e-01
4.273333333333333428e-01
4.273333333333333428e-01
4.273333333333333428e-01
4.273333333333333428e-01
4.273333333333333428e-01
4.273333333333333428e-01
4.273333333333333428e-01
4.273333333333333428e-01
4.269999999999999907e-01
4.269999999999999907e-01
4.269999999999999907e-01
4.269999999999999907e-01
4.269999999999999907e-01
4.269999999999999907e-01
4.269999999999999907e-01
4.269999999999999907e-01
4.269999999999999907e-01
4.269999999999999907e-01
4.269999999999999907e-01
4.269999999999999907e-01
4.269999999999999907e-01
4.269999999999999907e-01
4.269999999999999907e-01
4.269999999999999907e-01
4.269999999999999907e-01
4.269999999999999907e-01
4.269999999999999907e-01
4.269999999999999907e-01
4.269999999999999907e-01
4.269999999999999907e-01
4.269999999999999907e-01
4.269999999999999907e-01
4.269999999999999907e-01
4.269999999999999907e-01
4.269999999999999907e-01
4.269999999999999907e-01
4.269999999999999907e-01
4.269999999999999907e-01
4.269999999999999907e-01
4.269999999999999907e-01
4.266666666666666941e-01
4.266666666666666941e-01
4.266666666666666941e-01
4.266666666666666941e-01
4.266666666666666941e-01
4.266666666666666941e-01
4.266666666666666941e-01
4.266666666666666941e-01
4.266666666666666941e-01
4.266666666666666941e-01
4.266666666666666941e-01
4.266666666666666941e-01
4.266666666666666941e-01
4.263333333333333419e-01
4.263333333333333419e-01
4.256666666666666932e-01
4.256666666666666932e-01
4.256666666666666932e-01
4.256666666666666932e-01
4.256666666666666932e-01
4.256666666666666932e-01
4.256666666666666932e-01
4.256666666666666932e-01
4.256666666666666932e-01
4.256666666666666932e-01
4.256666666666666932e-01
4.256666666666666932e-01
4.256666666666666932e-01
4.256666666666666932e-01
4.253333333333333410e-01
4.253333333333333410e-01
4.253333333333333410e-01
4.253333333333333410e-01
4.253333333333333410e-01
4.253333333333333410e-01
4.253333333333333410e-01
4.249999999999999889e-01
4.249999999999999889e-01
4.249999999999999889e-01
4.249999999999999889e-01
4.249999999999999889e-01
4.249999999999999889e-01
4.246666666666666923e-01
4.246666666666666923e-01
4.246666666666666923e-01
4.246666666666666923e-01
4.246666666666666923e-01
4.246666666666666923e-01
4.246666666666666923e-01
4.246666666666666923e-01
4.246666666666666923e-01
4.246666666666666923e-01
4.246666666666666923e-01
4.246666666666666923e-01
4.246666666666666923e-01
4.246666666666666923e-01
4.246666666666666923e-01
4.243333333333333401e-01
4.239999999999999880e-01
4.239999999999999880e-01
4.239999999999999880e-01
4.239999999999999880e-01
4.239999999999999880e-01
4.239999999999999880e-01
4.239999999999999880e-01
4.239999999999999880e-01
4.239999999999999880e-01
4.239999999999999880e-01
4.239999999999999880e-01
4.239999999999999880e-01
4.239999999999999880e-01
4.239999999999999880e-01
4.236666666666666914e-01
4.236666666666666914e-01
4.236666666666666914e-01
4.236666666666666914e-01
4.236666666666666914e-01
4.236666666666666914e-01
4.236666666666666914e-01
4.236666666666666914e-01
4.236666666666666914e-01
4.236666666666666914e-01
4.236666666666666914e-01
4.236666666666666914e-01
4.236666666666666914e-01
4.236666666666666914e-01
4.236666666666666914e-01
4.236666666666666914e-01
4.236666666666666914e-01
4.236666666666666914e-01
4.236666666666666914e-01
4.236666666666666914e-01
4.236666666666666914e-01
4.236666666666666914e-01
4.236666666666666914e-01
4.236666666666666914e-01
4.236666666666666914e-01
4.236666666666666914e-01
4.236666666666666914e-01
4.236666666666666914e-01
4.236666666666666914e-01
4.236666666666666914e-01
4.236666666666666914e-01
4.236666666666666914e-01
4.236666666666666914e-01
4.236666666666666914e-01
4.236666666666666914e-01
4.236666666666666914e-01
4.236666666666666914e-01
4.236666666666666914e-01
4.236666666666666914e-01
4.236666666666666914e-01
4.236666666666666914e-01
4.236666666666666914e-01
4.236666666666666914e-01
4.236666666666666914e-01
4.236666666666666914e-01
4.236666666666666914e-01
4.236666666666666914e-01
4.236666666666666914e-01
4.236666666666666914e-01
4.236666666666666914e-01
4.236666666666666914e-01
4.236666666666666914e-01
4.236666666666666914e-01
4.233333333333333393e-01
4.233333333333333393e-01
4.233333333333333393e-01
4.233333333333333393e-01
4.233333333333333393e-01
4.233333333333333393e-01
4.233333333333333393e-01
4.233333333333333393e-01
4.233333333333333393e-01
4.233333333333333393e-01
4.233333333333333393e-01
4.233333333333333393e-01
4.233333333333333393e-01
4.233333333333333393e-01
4.233333333333333393e-01
4.233333333333333393e-01
4.233333333333333393e-01
4.229999999999999871e-01
4.229999999999999871e-01
4.229999999999999871e-01
4.223333333333333384e-01
4.223333333333333384e-01
4.223333333333333384e-01
4.223333333333333384e-01
4.223333333333333384e-01
4.223333333333333384e-01
4.223333333333333384e-01
4.223333333333333384e-01
4.223333333333333384e-01
4.223333333333333384e-01
4.223333333333333384e-01
4.223333333333333384e-01
4.223333333333333384e-01
4.223333333333333384e-01
4.223333333333333384e-01
4.223333333333333384e-01
4.223333333333333384e-01
4.223333333333333384e-01
4.223333333333333384e-01
4.219999999999999862e-01
4.219999999999999862e-01
4.219999999999999862e-01
4.219999999999999862e-01
4.219999999999999862e-01
4.219999999999999862e-01
4.213333333333333375e-01
4.209999999999999853e-01
4.209999999999999853e-01
4.209999999999999853e-01
4.209999999999999853e-01
4.209999999999999853e-01
4.209999999999999853e-01
4.209999999999999853e-01
4.209999999999999853e-01
4.209999999999999853e-01
4.209999999999999853e-01
4.209999999999999853e-01
4.209999999999999853e-01
4.209999999999999853e-01
4.206666666666666887e-01
4.206666666666666887e-01
4.206666666666666887e-01
4.206666666666666887e-01
4.206666666666666887e-01
4.206666666666666887e-01
4.206666666666666887e-01
4.206666666666666887e-01
4.206666666666666887e-01
4.206666666666666887e-01
4.206666666666666887e-01
4.206666666666666887e-01
4.206666666666666887e-01
4.206666666666666887e-01
4.206666666666666887e-01
4.206666666666666887e-01
4.203333333333333366e-01
4.203333333333333366e-01
4.203333333333333366e-01
4.203333333333333366e-01
4.203333333333333366e-01
4.203333333333333366e-01
4.203333333333333366e-01
4.203333333333333366e-01
4.203333333333333366e-01
4.203333333333333366e-01
4.203333333333333366e-01
4.203333333333333366e-01
4.199999999999999845e-01
4.199999999999999845e-01
4.199999999999999845e-01
4.199999999999999845e-01
4.199999999999999845e-01
4.199999999999999845e-01
4.199999999999999845e-01
4.199999999999999845e-01
4.199999999999999845e-01
4.199999999999999845e-01
4.199999999999999845e-01
4.199999999999999845e-01
4.199999999999999845e-01
4.199999999999999845e-01
4.196666666666666878e-01
4.196666666666666878e-01
4.196666666666666878e-01
4.196666666666666878e-01
4.196666666666666878e-01
4.196666666666666878e-01
4.196666666666666878e-01
4.196666666666666878e-01
4.196666666666666878e-01
4.196666666666666878e-01
4.196666666666666878e-01
4.196666666666666878e-01
4.193333333333333357e-01
4.193333333333333357e-01
4.193333333333333357e-01
4.193333333333333357e-01
4.193333333333333357e-01
4.193333333333333357e-01
4.193333333333333357e-01
4.193333333333333357e-01
4.193333333333333357e-01
4.193333333333333357e-01
4.193333333333333357e-01
4.193333333333333357e-01
4.193333333333333357e-01
4.193333333333333357e-01
4.193333333333333357e-01
4.193333333333333357e-01
4.193333333333333357e-01
4.193333333333333357e-01
4.189999999999999836e-01
4.189999999999999836e-01
4.189999999999999836e-01
4.189999999999999836e-01
4.189999999999999836e-01
4.189999999999999836e-01
4.189999999999999836e-01
4.189999999999999836e-01
4.189999999999999836e-01
4.189999999999999836e-01
4.189999999999999836e-01
4.189999999999999836e-01
4.189999999999999836e-01
4.189999999999999836e-01
4.189999999999999836e-01
4.189999999999999836e-01
4.189999999999999836e-01
4.189999999999999836e-01
4.189999999999999836e-01
4.189999999999999836e-01
4.189999999999999836e-01
4.189999999999999836e-01
4.189999999999999836e-01
4.189999999999999836e-01
4.189999999999999836e-01
4.189999999999999836e-01
4.189999999999999836e-01
4.189999999999999836e-01
4.189999999999999836e-01
4.189999999999999836e-01
4.189999999999999836e-01
4.189999999999999836e-01
4.189999999999999836e-01
4.189999999999999836e-01
4.189999999999999836e-01
4.189999999999999836e-01
4.189999999999999836e-01
4.189999999999999836e-01
4.189999999999999836e-01
4.189999999999999836e-01
4.189999999999999836e-01
4.189999999999999836e-01
4.189999999999999836e-01
4.189999999999999836e-01
4.189999999999999836e-01
4.189999999999999836e-01
4.189999999999999836e-01
4.189999999999999836e-01
4.189999999999999836e-01
4.189999999999999836e-01
4.189999999999999836e-01
4.186666666666666869e-01
4.186666666666666869e-01
4.186666666666666869e-01
4.186666666666666869e-01
4.186666666666666869e-01
4.186666666666666869e-01
4.186666666666666869e-01
4.183333333333333348e-01
4.183333333333333348e-01
4.183333333333333348e-01
4.183333333333333348e-01
4.183333333333333348e-01
4.183333333333333348e-01
4.183333333333333348e-01
4.183333333333333348e-01
4.183333333333333348e-01
4.183333333333333348e-01
4.183333333333333348e-01
4.183333333333333348e-01
4.183333333333333348e-01
4.183333333333333348e-01
4.183333333333333348e-01
4.183333333333333348e-01
4.183333333333333348e-01
4.183333333333333348e-01
4.183333333333333348e-01
4.179999999999999827e-01
4.179999999999999827e-01
4.179999999999999827e-01
4.179999999999999827e-01
4.179999999999999827e-01
4.179999999999999827e-01
4.179999999999999827e-01
4.179999999999999827e-01
4.179999999999999827e-01
4.179999999999999827e-01
4.179999999999999827e-01
4.179999999999999827e-01
4.179999999999999827e-01
4.179999999999999827e-01
4.179999999999999827e-01
4.179999999999999827e-01
4.179999999999999827e-01
4.179999999999999827e-01
4.179999999999999827e-01
4.179999999999999827e-01
4.179999999999999827e-01
4.179999999999999827e-01
4.179999999999999827e-01
4.179999999999999827e-01
4.179999999999999827e-01
4.179999999999999827e-01
4.179999999999999827e-01
4.179999999999999827e-01
4.179999999999999827e-01
4.179999999999999827e-01
4.179999999999999827e-01
4.179999999999999827e-01
4.179999999999999827e-01
4.179999999999999827e-01
4.179999999999999827e-01
4.179999999999999827e-01
4.179999999999999827e-01
4.179999999999999827e-01
4.179999999999999827e-01
4.179999999999999827e-01
4.179999999999999827e-01
4.176666666666666861e-01
4.176666666666666861e-01
4.176666666666666861e-01
4.176666666666666861e-01
4.173333333333333339e-01
4.173333333333333339e-01
4.173333333333333339e-01
4.173333333333333339e-01
4.173333333333333339e-01
4.173333333333333339e-01
4.173333333333333339e-01
4.173333333333333339e-01
4.173333333333333339e-01
4.173333333333333339e-01
4.173333333333333339e-01
4.173333333333333339e-01
4.173333333333333339e-01
4.173333333333333339e-01
4.173333333333333339e-01
4.173333333333333339e-01
4.173333333333333339e-01
4.173333333333333339e-01
4.169999999999999818e-01
4.169999999999999818e-01
4.169999999999999818e-01
4.169999999999999818e-01
4.169999999999999818e-01
4.169999999999999818e-01
4.169999999999999818e-01
4.169999999999999818e-01
4.169999999999999818e-01
4.169999999999999818e-01
4.169999999999999818e-01
4.169999999999999818e-01
4.169999999999999818e-01
4.169999999999999818e-01
4.169999999999999818e-01
4.169999999999999818e-01
4.169999999999999818e-01
4.169999999999999818e-01
4.169999999999999818e-01
4.169999999999999818e-01
4.169999999999999818e-01
4.169999999999999818e-01
4.169999999999999818e-01
4.169999999999999818e-01
4.169999999999999818e-01
4.169999999999999818e-01
4.169999999999999818e-01
4.169999999999999818e-01
4.169999999999999818e-01
4.169999999999999818e-01
4.169999999999999818e-01
4.169999999999999818e-01
4.169999999999999818e-01
4.169999999999999818e-01
4.169999999999999818e-01
4.169999999999999818e-01
4.169999999999999818e-01
4.169999999999999818e-01
4.169999999999999818e-01
4.169999999999999818e-01
4.169999999999999818e-01
4.169999999999999818e-01
4.169999999999999818e-01
4.169999999999999818e-01
4.169999999999999818e-01
4.169999999999999818e-01
4.169999999999999818e-01
4.169999999999999818e-01
4.169999999999999818e-01
4.169999999999999818e-01
4.169999999999999818e-01
4.169999999999999818e-01
4.169999999999999818e-01
4.169999999999999818e-01
4.169999999999999818e-01
4.169999999999999818e-01
4.169999999999999818e-01
4.169999999999999818e-01
4.169999999999999818e-01
4.169999999999999818e-01
4.169999999999999818e-01
4.169999999999999818e-01
4.169999999999999818e-01
4.169999999999999818e-01
4.169999999999999818e-01
4.169999999999999818e-01
4.169999999999999818e-01
4.169999999999999818e-01
4.169999999999999818e-01
4.169999999999999818e-01
4.169999999999999818e-01
4.169999999999999818e-01
4.169999999999999818e-01
4.169999999999999818e-01
4.169999999999999818e-01
4.169999999999999818e-01
4.169999999999999818e-01
4.169999999999999818e-01
4.169999999999999818e-01
4.169999999999999818e-01
4.169999999999999818e-01
4.166666666666666852e-01
4.166666666666666852e-01
4.166666666666666852e-01
4.166666666666666852e-01
4.166666666666666852e-01
4.166666666666666852e-01
4.166666666666666852e-01
4.163333333333333330e-01
4.163333333333333330e-01
4.163333333333333330e-01
4.163333333333333330e-01
4.163333333333333330e-01
4.163333333333333330e-01
4.163333333333333330e-01
4.163333333333333330e-01
4.163333333333333330e-01
4.163333333333333330e-01
4.163333333333333330e-01
4.163333333333333330e-01
4.163333333333333330e-01
4.163333333333333330e-01
4.163333333333333330e-01
4.163333333333333330e-01
4.163333333333333330e-01
4.163333333333333330e-01
4.163333333333333330e-01
4.163333333333333330e-01
4.163333333333333330e-01
4.163333333333333330e-01
4.163333333333333330e-01
4.163333333333333330e-01
4.163333333333333330e-01
4.163333333333333330e-01
4.163333333333333330e-01
4.159999999999999809e-01
4.159999999999999809e-01
4.159999999999999809e-01
4.159999999999999809e-01
4.159999999999999809e-01
4.159999999999999809e-01
4.159999999999999809e-01
4.159999999999999809e-01
4.159999999999999809e-01
4.159999999999999809e-01
4.159999999999999809e-01
4.159999999999999809e-01
4.159999999999999809e-01
4.159999999999999809e-01
4.159999999999999809e-01
4.159999999999999809e-01
4.159999999999999809e-01
4.159999999999999809e-01
4.159999999999999809e-01
4.159999999999999809e-01
4.159999999999999809e-01
4.159999999999999809e-01
4.159999999999999809e-01
4.159999999999999809e-01
4.159999999999999809e-01
4.159999999999999809e-01
4.159999999999999809e-01
4.159999999999999809e-01
4.159999999999999809e-01
4.159999999999999809e-01
4.159999999999999809e-01
4.159999999999999809e-01
4.159999999999999809e-01
4.159999999999999809e-01
4.159999999999999809e-01
4.159999999999999809e-01
4.159999999999999809e-01
4.159999999999999809e-01
4.159999999999999809e-01
4.159999999999999809e-01
4.159999999999999809e-01
4.159999999999999809e-01
4.159999999999999809e-01
4.159999999999999809e-01
4.159999999999999809e-01
4.159999999999999809e-01
4.159999999999999809e-01
4.159999999999999809e-01
4.156666666666666843e-01
4.156666666666666843e-01
4.156666666666666843e-01
4.156666666666666843e-01
4.156666666666666843e-01
4.156666666666666843e-01
4.156666666666666843e-01
4.156666666666666843e-01
4.156666666666666843e-01
4.156666666666666843e-01
4.156666666666666843e-01
4.156666666666666843e-01
4.156666666666666843e-01
4.156666666666666843e-01
4.156666666666666843e-01
4.156666666666666843e-01
4.156666666666666843e-01
4.156666666666666843e-01
4.156666666666666843e-01
4.156666666666666843e-01
4.156666666666666843e-01
4.156666666666666843e-01
4.156666666666666843e-01
4.156666666666666843e-01
4.156666666666666843e-01
4.156666666666666843e-01
4.156666666666666843e-01
4.156666666666666843e-01
4.156666666666666843e-01
4.156666666666666843e-01
4.156666666666666843e-01
4.156666666666666843e-01
4.156666666666666843e-01
4.156666666666666843e-01
4.156666666666666843e-01
4.156666666666666843e-01
4.156666666666666843e-01
4.156666666666666843e-01
4.156666666666666843e-01
4.156666666666666843e-01
4.156666666666666843e-01
4.156666666666666843e-01
4.156666666666666843e-01
4.156666666666666843e-01
4.156666666666666843e-01
4.153333333333333321e-01
4.153333333333333321e-01
4.153333333333333321e-01
4.153333333333333321e-01
4.153333333333333321e-01
4.153333333333333321e-01
4.153333333333333321e-01
4.153333333333333321e-01
4.153333333333333321e-01
4.153333333333333321e-01
4.153333333333333321e-01
4.149999999999999800e-01
4.149999999999999800e-01
4.149999999999999800e-01
4.149999999999999800e-01
4.149999999999999800e-01
4.149999999999999800e-01
4.149999999999999800e-01
4.149999999999999800e-01
4.149999999999999800e-01
4.149999999999999800e-01
4.149999999999999800e-01
4.149999999999999800e-01
4.149999999999999800e-01
4.149999999999999800e-01
4.149999999999999800e-01
4.149999999999999800e-01
4.149999999999999800e-01
4.149999999999999800e-01
4.149999999999999800e-01
4.149999999999999800e-01
4.149999999999999800e-01
4.149999999999999800e-01
4.149999999999999800e-01
4.149999999999999800e-01
4.149999999999999800e-01
4.146666666666666834e-01
4.146666666666666834e-01
4.146666666666666834e-01
4.146666666666666834e-01
4.146666666666666834e-01
4.146666666666666834e-01
4.146666666666666834e-01
4.146666666666666834e-01
4.146666666666666834e-01
4.146666666666666834e-01
4.146666666666666834e-01
4.146666666666666834e-01
4.146666666666666834e-01
4.146666666666666834e-01
4.146666666666666834e-01
4.146666666666666834e-01
4.146666666666666834e-01
4.146666666666666834e-01
4.146666666666666834e-01
4.146666666666666834e-01
4.146666666666666834e-01
4.146666666666666834e-01
4.146666666666666834e-01
4.146666666666666834e-01
4.146666666666666834e-01
4.146666666666666834e-01
4.146666666666666834e-01
4.146666666666666834e-01
4.146666666666666834e-01
4.146666666666666834e-01
4.146666666666666834e-01
4.146666666666666834e-01
4.146666666666666834e-01
4.146666666666666834e-01
4.146666666666666834e-01
4.146666666666666834e-01
4.146666666666666834e-01
4.146666666666666834e-01
4.146666666666666834e-01
4.146666666666666834e-01
4.146666666666666834e-01
4.146666666666666834e-01
4.146666666666666834e-01
4.146666666666666834e-01
4.146666666666666834e-01
4.146666666666666834e-01
4.146666666666666834e-01
4.146666666666666834e-01
4.146666666666666834e-01
4.146666666666666834e-01
4.146666666666666834e-01
4.146666666666666834e-01
4.146666666666666834e-01
4.146666666666666834e-01
4.146666666666666834e-01
4.146666666666666834e-01
4.146666666666666834e-01
4.146666666666666834e-01
4.146666666666666834e-01
4.146666666666666834e-01
4.146666666666666834e-01
4.146666666666666834e-01
4.146666666666666834e-01
4.146666666666666834e-01
4.146666666666666834e-01
4.146666666666666834e-01
4.146666666666666834e-01
4.146666666666666834e-01
4.146666666666666834e-01
4.146666666666666834e-01
4.146666666666666834e-01
4.146666666666666834e-01
4.146666666666666834e-01
4.146666666666666834e-01
4.146666666666666834e-01
4.146666666666666834e-01
4.146666666666666834e-01
4.146666666666666834e-01
4.146666666666666834e-01
4.146666666666666834e-01
4.146666666666666834e-01
4.146666666666666834e-01
4.146666666666666834e-01
4.146666666666666834e-01
4.146666666666666834e-01
4.146666666666666834e-01
4.146666666666666834e-01
4.146666666666666834e-01
4.146666666666666834e-01
4.146666666666666834e-01
4.146666666666666834e-01
4.146666666666666834e-01
4.146666666666666834e-01
4.146666666666666834e-01
4.146666666666666834e-01
4.146666666666666834e-01
4.146666666666666834e-01
4.146666666666666834e-01
4.146666666666666834e-01
4.146666666666666834e-01
4.146666666666666834e-01
4.146666666666666834e-01
4.146666666666666834e-01
4.146666666666666834e-01
4.146666666666666834e-01
4.146666666666666834e-01
4.146666666666666834e-01
4.146666666666666834e-01
4.146666666666666834e-01
4.146666666666666834e-01
4.146666666666666834e-01
4.146666666666666834e-01
4.146666666666666834e-01
4.146666666666666834e-01
4.146666666666666834e-01
4.146666666666666834e-01
4.146666666666666834e-01
4.146666666666666834e-01
4.146666666666666834e-01
4.146666666666666834e-01
4.146666666666666834e-01
4.146666666666666834e-01
4.146666666666666834e-01
4.146666666666666834e-01
4.146666666666666834e-01
4.146666666666666834e-01
4.146666666666666834e-01
4.146666666666666834e-01
4.146666666666666834e-01
4.146666666666666834e-01
4.146666666666666834e-01
4.146666666666666834e-01
4.146666666666666834e-01
4.146666666666666834e-01
4.146666666666666834e-01
4.146666666666666834e-01
4.146666666666666834e-01
4.146666666666666834e-01
4.146666666666666834e-01
4.146666666666666834e-01
4.146666666666666834e-01
4.146666666666666834e-01
4.146666666666666834e-01
4.146666666666666834e-01
4.146666666666666834e-01
4.146666666666666834e-01
4.146666666666666834e-01
4.146666666666666834e-01
4.146666666666666834e-01
4.146666666666666834e-01
4.146666666666666834e-01
4.146666666666666834e-01
4.146666666666666834e-01
4.146666666666666834e-01
4.146666666666666834e-01
4.146666666666666834e-01
4.146666666666666834e-01
4.146666666666666834e-01
4.146666666666666834e-01
4.146666666666666834e-01
4.146666666666666834e-01
4.146666666666666834e-01
4.146666666666666834e-01
4.146666666666666834e-01
4.146666666666666834e-01
4.146666666666666834e-01
4.146666666666666834e-01
4.146666666666666834e-01
4.146666666666666834e-01
4.146666666666666834e-01
4.146666666666666834e-01
4.146666666666666834e-01
4.146666666666666834e-01
4.146666666666666834e-01
4.146666666666666834e-01
4.146666666666666834e-01
4.146666666666666834e-01
4.146666666666666834e-01
4.146666666666666834e-01
4.146666666666666834e-01
4.146666666666666834e-01
4.146666666666666834e-01
4.146666666666666834e-01
4.146666666666666834e-01
4.146666666666666834e-01
4.146666666666666834e-01
4.146666666666666834e-01
4.146666666666666834e-01
4.146666666666666834e-01
4.146666666666666834e-01
4.146666666666666834e-01
4.146666666666666834e-01
4.146666666666666834e-01
4.146666666666666834e-01
4.146666666666666834e-01
4.146666666666666834e-01
4.146666666666666834e-01
4.146666666666666834e-01
4.146666666666666834e-01
4.146666666666666834e-01
4.146666666666666834e-01
4.146666666666666834e-01
4.146666666666666834e-01
4.146666666666666834e-01
4.146666666666666834e-01
4.146666666666666834e-01
4.146666666666666834e-01
4.146666666666666834e-01
4.146666666666666834e-01
4.146666666666666834e-01
4.146666666666666834e-01
4.146666666666666834e-01
4.146666666666666834e-01
4.146666666666666834e-01
4.146666666666666834e-01
4.146666666666666834e-01
4.146666666666666834e-01
4.146666666666666834e-01
4.146666666666666834e-01
4.146666666666666834e-01
4.146666666666666834e-01
4.146666666666666834e-01
4.146666666666666834e-01
4.146666666666666834e-01
4.146666666666666834e-01
4.146666666666666834e-01
4.146666666666666834e-01
4.146666666666666834e-01
4.146666666666666834e-01
4.146666666666666834e-01
4.146666666666666834e-01
4.146666666666666834e-01
4.146666666666666834e-01
4.146666666666666834e-01
4.146666666666666834e-01
4.146666666666666834e-01
4.146666666666666834e-01
4.146666666666666834e-01
4.146666666666666834e-01
4.146666666666666834e-01
4.146666666666666834e-01
4.146666666666666834e-01
4.146666666666666834e-01
4.146666666666666834e-01
4.146666666666666834e-01
4.146666666666666834e-01
4.146666666666666834e-01
4.146666666666666834e-01
4.146666666666666834e-01
4.146666666666666834e-01
4.146666666666666834e-01
4.146666666666666834e-01
4.146666666666666834e-01
4.146666666666666834e-01
4.146666666666666834e-01
4.146666666666666834e-01
4.146666666666666834e-01
4.146666666666666834e-01
4.146666666666666834e-01
4.146666666666666834e-01
4.146666666666666834e-01
4.146666666666666834e-01
4.146666666666666834e-01
4.146666666666666834e-01
4.146666666666666834e-01
4.146666666666666834e-01
4.146666666666666834e-01
4.146666666666666834e-01
4.146666666666666834e-01
4.146666666666666834e-01
4.146666666666666834e-01
4.146666666666666834e-01
4.146666666666666834e-01
4.146666666666666834e-01
4.146666666666666834e-01
4.146666666666666834e-01
4.146666666666666834e-01
4.146666666666666834e-01
4.146666666666666834e-01
4.146666666666666834e-01
4.146666666666666834e-01
4.146666666666666834e-01
4.146666666666666834e-01
4.146666666666666834e-01
4.146666666666666834e-01
4.146666666666666834e-01
4.146666666666666834e-01
4.146666666666666834e-01
4.146666666666666834e-01
4.146666666666666834e-01
4.146666666666666834e-01
4.146666666666666834e-01
4.146666666666666834e-01
4.146666666666666834e-01
4.146666666666666834e-01
4.146666666666666834e-01
4.146666666666666834e-01
4.146666666666666834e-01
4.146666666666666834e-01
4.146666666666666834e-01
4.146666666666666834e-01
4.146666666666666834e-01
4.146666666666666834e-01
4.146666666666666834e-01
4.146666666666666834e-01
4.146666666666666834e-01
4.146666666666666834e-01
4.146666666666666834e-01
4.146666666666666834e-01
4.146666666666666834e-01
4.146666666666666834e-01
4.146666666666666834e-01
4.146666666666666834e-01
4.146666666666666834e-01
4.146666666666666834e-01
4.146666666666666834e-01
4.146666666666666834e-01
4.146666666666666834e-01
4.146666666666666834e-01
4.146666666666666834e-01
4.146666666666666834e-01
4.146666666666666834e-01
4.146666666666666834e-01
4.143333333333333313e-01
4.143333333333333313e-01
4.143333333333333313e-01
4.143333333333333313e-01
4.143333333333333313e-01
4.143333333333333313e-01
4.143333333333333313e-01
4.143333333333333313e-01
4.143333333333333313e-01
4.143333333333333313e-01
4.143333333333333313e-01
4.143333333333333313e-01
4.143333333333333313e-01
4.143333333333333313e-01
4.143333333333333313e-01
4.143333333333333313e-01
4.143333333333333313e-01
4.143333333333333313e-01
4.143333333333333313e-01
4.143333333333333313e-01
4.143333333333333313e-01
4.139999999999999791e-01
4.139999999999999791e-01
4.139999999999999791e-01
4.139999999999999791e-01
4.139999999999999791e-01
4.139999999999999791e-01
4.139999999999999791e-01
4.139999999999999791e-01
4.139999999999999791e-01
4.139999999999999791e-01
4.139999999999999791e-01
4.139999999999999791e-01
4.139999999999999791e-01
4.139999999999999791e-01
4.139999999999999791e-01
4.139999999999999791e-01
4.139999999999999791e-01
4.139999999999999791e-01
4.139999999999999791e-01
4.136666666666666825e-01
4.136666666666666825e-01
4.136666666666666825e-01
4.136666666666666825e-01
4.136666666666666825e-01
4.136666666666666825e-01
4.136666666666666825e-01
4.136666666666666825e-01
4.136666666666666825e-01
4.136666666666666825e-01
4.136666666666666825e-01
4.136666666666666825e-01
4.136666666666666825e-01
4.136666666666666825e-01
4.136666666666666825e-01
4.136666666666666825e-01
4.136666666666666825e-01
4.136666666666666825e-01
4.136666666666666825e-01
4.136666666666666825e-01
4.136666666666666825e-01
4.136666666666666825e-01
4.136666666666666825e-01
4.136666666666666825e-01
4.136666666666666825e-01
4.136666666666666825e-01
4.136666666666666825e-01
4.136666666666666825e-01
4.136666666666666825e-01
4.136666666666666825e-01
4.136666666666666825e-01
4.136666666666666825e-01
4.136666666666666825e-01
4.136666666666666825e-01
4.136666666666666825e-01
4.136666666666666825e-01
4.136666666666666825e-01
4.136666666666666825e-01
4.136666666666666825e-01
4.136666666666666825e-01
4.136666666666666825e-01
4.136666666666666825e-01
4.136666666666666825e-01
4.136666666666666825e-01
4.136666666666666825e-01
4.136666666666666825e-01
4.136666666666666825e-01
4.136666666666666825e-01
4.136666666666666825e-01
4.136666666666666825e-01
4.136666666666666825e-01
4.136666666666666825e-01
4.136666666666666825e-01
4.136666666666666825e-01
4.136666666666666825e-01
4.136666666666666825e-01
4.136666666666666825e-01
4.136666666666666825e-01
4.136666666666666825e-01
4.136666666666666825e-01
4.136666666666666825e-01
4.136666666666666825e-01
4.136666666666666825e-01
4.136666666666666825e-01
4.136666666666666825e-01
4.136666666666666825e-01
4.136666666666666825e-01
4.136666666666666825e-01
4.136666666666666825e-01
4.136666666666666825e-01
4.136666666666666825e-01
4.136666666666666825e-01
4.136666666666666825e-01
4.136666666666666825e-01
4.136666666666666825e-01
4.136666666666666825e-01
4.136666666666666825e-01
4.136666666666666825e-01
4.136666666666666825e-01
4.136666666666666825e-01
4.133333333333333304e-01
4.133333333333333304e-01
4.133333333333333304e-01
4.133333333333333304e-01
4.133333333333333304e-01
4.133333333333333304e-01
4.133333333333333304e-01
4.133333333333333304e-01
4.133333333333333304e-01
4.133333333333333304e-01
4.133333333333333304e-01
4.133333333333333304e-01
4.133333333333333304e-01
4.133333333333333304e-01
4.133333333333333304e-01
4.133333333333333304e-01
4.133333333333333304e-01
4.133333333333333304e-01
4.133333333333333304e-01
4.133333333333333304e-01
4.133333333333333304e-01
4.133333333333333304e-01
4.133333333333333304e-01
4.133333333333333304e-01
4.133333333333333304e-01
4.133333333333333304e-01
4.133333333333333304e-01
4.133333333333333304e-01
4.133333333333333304e-01
4.133333333333333304e-01
4.133333333333333304e-01
4.133333333333333304e-01
4.133333333333333304e-01
4.133333333333333304e-01
4.133333333333333304e-01
4.133333333333333304e-01
4.133333333333333304e-01
4.133333333333333304e-01
4.133333333333333304e-01
4.133333333333333304e-01
4.133333333333333304e-01
4.133333333333333304e-01
4.133333333333333304e-01
4.129999999999999782e-01
4.129999999999999782e-01
4.129999999999999782e-01
4.129999999999999782e-01
4.129999999999999782e-01
4.129999999999999782e-01
4.129999999999999782e-01
4.129999999999999782e-01
4.129999999999999782e-01
4.129999999999999782e-01
4.129999999999999782e-01
4.129999999999999782e-01
4.129999999999999782e-01
4.129999999999999782e-01
4.129999999999999782e-01
4.129999999999999782e-01
4.129999999999999782e-01
4.129999999999999782e-01
4.129999999999999782e-01
4.129999999999999782e-01
4.129999999999999782e-01
4.129999999999999782e-01
4.129999999999999782e-01
4.129999999999999782e-01
4.129999999999999782e-01
4.129999999999999782e-01
4.129999999999999782e-01
4.129999999999999782e-01
4.129999999999999782e-01
4.129999999999999782e-01
4.129999999999999782e-01
4.129999999999999782e-01
4.129999999999999782e-01
4.129999999999999782e-01
4.129999999999999782e-01
4.129999999999999782e-01
4.129999999999999782e-01
4.129999999999999782e-01
4.129999999999999782e-01
4.126666666666666816e-01
4.126666666666666816e-01
4.126666666666666816e-01
4.126666666666666816e-01
4.126666666666666816e-01
4.126666666666666816e-01
4.126666666666666816e-01
4.126666666666666816e-01
4.123333333333333295e-01
4.123333333333333295e-01
4.123333333333333295e-01
4.123333333333333295e-01
4.123333333333333295e-01
4.123333333333333295e-01
4.123333333333333295e-01
4.123333333333333295e-01
4.123333333333333295e-01
4.123333333333333295e-01
4.123333333333333295e-01
4.123333333333333295e-01
4.123333333333333295e-01
4.123333333333333295e-01
4.123333333333333295e-01
4.123333333333333295e-01
4.123333333333333295e-01
4.123333333333333295e-01
4.123333333333333295e-01
4.123333333333333295e-01
4.123333333333333295e-01
4.123333333333333295e-01
4.123333333333333295e-01
4.123333333333333295e-01
4.123333333333333295e-01
4.123333333333333295e-01
4.123333333333333295e-01
4.123333333333333295e-01
4.123333333333333295e-01
4.123333333333333295e-01
4.123333333333333295e-01
4.123333333333333295e-01
4.123333333333333295e-01
4.123333333333333295e-01
4.123333333333333295e-01
4.123333333333333295e-01
4.123333333333333295e-01
4.123333333333333295e-01
4.123333333333333295e-01
4.123333333333333295e-01
4.123333333333333295e-01
4.123333333333333295e-01
4.123333333333333295e-01
4.123333333333333295e-01
4.123333333333333295e-01
4.123333333333333295e-01
4.123333333333333295e-01
4.123333333333333295e-01
4.123333333333333295e-01
4.123333333333333295e-01
4.123333333333333295e-01
4.123333333333333295e-01
4.123333333333333295e-01
4.123333333333333295e-01
4.123333333333333295e-01
4.123333333333333295e-01
4.123333333333333295e-01
4.123333333333333295e-01
4.123333333333333295e-01
4.123333333333333295e-01
4.123333333333333295e-01
4.123333333333333295e-01
4.123333333333333295e-01
4.123333333333333295e-01
4.123333333333333295e-01
4.123333333333333295e-01
4.123333333333333295e-01
4.123333333333333295e-01
4.123333333333333295e-01
4.123333333333333295e-01
4.123333333333333295e-01
4.123333333333333295e-01
4.123333333333333295e-01
4.123333333333333295e-01
4.123333333333333295e-01
4.123333333333333295e-01
4.123333333333333295e-01
4.123333333333333295e-01
4.123333333333333295e-01
4.123333333333333295e-01
4.123333333333333295e-01
4.123333333333333295e-01
4.123333333333333295e-01
4.123333333333333295e-01
4.123333333333333295e-01
4.123333333333333295e-01
4.123333333333333295e-01
4.123333333333333295e-01
4.123333333333333295e-01
4.123333333333333295e-01
4.123333333333333295e-01
4.123333333333333295e-01
4.123333333333333295e-01
4.123333333333333295e-01
4.123333333333333295e-01
4.123333333333333295e-01
4.123333333333333295e-01
4.123333333333333295e-01
4.123333333333333295e-01
4.123333333333333295e-01
4.123333333333333295e-01
4.123333333333333295e-01
4.123333333333333295e-01
4.123333333333333295e-01
4.123333333333333295e-01
4.123333333333333295e-01
4.123333333333333295e-01
4.123333333333333295e-01
4.123333333333333295e-01
4.123333333333333295e-01
4.123333333333333295e-01
4.123333333333333295e-01
4.123333333333333295e-01
4.123333333333333295e-01
4.123333333333333295e-01
4.123333333333333295e-01
4.123333333333333295e-01
4.123333333333333295e-01
4.123333333333333295e-01
4.123333333333333295e-01
4.123333333333333295e-01
4.123333333333333295e-01
4.123333333333333295e-01
4.123333333333333295e-01
4.123333333333333295e-01
4.123333333333333295e-01
4.123333333333333295e-01
4.123333333333333295e-01
4.123333333333333295e-01
4.123333333333333295e-01
4.123333333333333295e-01
