4.470000000000000084e-01
4.470000000000000084e-01
4.470000000000000084e-01
4.470000000000000084e-01
4.470000000000000084e-01
4.470000000000000084e-01
4.470000000000000084e-01
4.470000000000000084e-01
4.470000000000000084e-01
4.470000000000000084e-01
4.470000000000000084e-01
4.470000000000000084e-01
4.470000000000000084e-01
4.470000000000000084e-01
4.470000000000000084e-01
4.470000000000000084e-01
4.470000000000000084e-01
4.470000000000000084e-01
4.470000000000000084e-01
4.470000000000000084e-01
4.470000000000000084e-01
4.470000000000000084e-01
4.470000000000000084e-01
4.470000000000000084e-01
4.470000000000000084e-01
4.470000000000000084e-01
4.470000000000000084e-01
4.470000000000000084e-01
4.470000000000000084e-01
4.470000000000000084e-01
4.470000000000000084e-01
4.470000000000000084e-01
4.470000000000000084e-01
4.470000000000000084e-01
4.470000000000000084e-01
4.470000000000000084e-01
4.470000000000000084e-01
4.470000000000000084e-01
4.470000000000000084e-01
4.470000000000000084e-01
4.470000000000000084e-01
4.470000000000000084e-01
4.470000000000000084e-01
4.470000000000000084e-01
4.470000000000000084e-01
4.470000000000000084e-01
4.470000000000000084e-01
4.470000000000000084e-01
4.470000000000000084e-01
4.470000000000000084e-01
4.470000000000000084e-01
4.470000000000000084e-01
4.470000000000000084e-01
4.470000000000000084e-01
4.470000000000000084e-01
4.470000000000000084e-01
4.470000000000000084e-01
4.470000000000000084e-01
4.470000000000000084e-01
4.470000000000000084e-01
4.470000000000000084e-01
4.470000000000000084e-01
4.470000000000000084e-01
4.470000000000000084e-01
4.470000000000000084e-01
4.470000000000000084e-01
4.470000000000000084e-01
4.470000000000000084e-01
4.470000000000000084e-01
4.470000000000000084e-01
4.470000000000000084e-01
4.470000000000000084e-01
4.470000000000000084e-01
4.470000000000000084e-01
4.470000000000000084e-01
4.470000000000000084e-01
4.470000000000000084e-01
4.470000000000000084e-01
4.470000000000000084e-01
4.470000000000000084e-01
4.470000000000000084e-01
4.470000000000000084e-01
4.470000000000000084e-01
4.470000000000000084e-01
4.470000000000000084e-01
4.470000000000000084e-01
4.470000000000000084e-01
4.470000000000000084e-01
4.470000000000000084e-01
4.470000000000000084e-01
4.470000000000000084e-01
4.470000000000000084e-01
4.470000000000000084e-01
4.470000000000000084e-01
4.470000000000000084e-01
4.470000000000000084e-01
4.470000000000000084e-01
4.470000000000000084e-01
4.470000000000000084e-01
4.470000000000000084e-01
4.470000000000000084e-01
4.470000000000000084e-01
4.470000000000000084e-01
4.470000000000000084e-01
4.470000000000000084e-01
4.470000000000000084e-01
4.470000000000000084e-01
4.470000000000000084e-01
4.470000000000000084e-01
4.470000000000000084e-01
4.470000000000000084e-01
4.470000000000000084e-01
4.470000000000000084e-01
4.470000000000000084e-01
4.470000000000000084e-01
4.470000000000000084e-01
4.470000000000000084e-01
4.470000000000000084e-01
4.470000000000000084e-01
4.470000000000000084e-01
4.470000000000000084e-01
4.470000000000000084e-01
4.470000000000000084e-01
4.470000000000000084e-01
4.470000000000000084e-01
4.470000000000000084e-01
4.470000000000000084e-01
4.470000000000000084e-01
4.470000000000000084e-01
4.470000000000000084e-01
4.470000000000000084e-01
4.470000000000000084e-01
4.470000000000000084e-01
4.470000000000000084e-01
4.470000000000000084e-01
4.470000000000000084e-01
4.470000000000000084e-01
4.470000000000000084e-01
4.470000000000000084e-01
4.470000000000000084e-01
4.470000000000000084e-01
4.470000000000000084e-01
4.470000000000000084e-01
4.470000000000000084e-01
4.470000000000000084e-01
4.470000000000000084e-01
4.470000000000000084e-01
4.470000000000000084e-01
4.470000000000000084e-01
4.470000000000000084e-01
4.470000000000000084e-01
4.470000000000000084e-01
4.470000000000000084e-01
4.470000000000000084e-01
4.470000000000000084e-01
4.470000000000000084e-01
4.470000000000000084e-01
4.470000000000000084e-01
4.470000000000000084e-01
4.470000000000000084e-01
4.470000000000000084e-01
4.470000000000000084e-01
4.466666666666666563e-01
4.466666666666666563e-01
4.466666666666666563e-01
4.463333333333333597e-01
4.463333333333333597e-01
4.463333333333333597e-01
4.460000000000000075e-01
4.460000000000000075e-01
4.456666666666666554e-01
4.456666666666666554e-01
4.456666666666666554e-01
4.456666666666666554e-01
4.456666666666666554e-01
4.453333333333333588e-01
4.453333333333333588e-01
4.453333333333333588e-01
4.453333333333333588e-01
4.453333333333333588e-01
4.450000000000000067e-01
4.446666666666666545e-01
4.443333333333333579e-01
4.443333333333333579e-01
4.443333333333333579e-01
4.443333333333333579e-01
4.440000000000000058e-01
4.440000000000000058e-01
4.440000000000000058e-01
4.440000000000000058e-01
4.433333333333333570e-01
4.430000000000000049e-01
4.430000000000000049e-01
4.430000000000000049e-01
4.430000000000000049e-01
4.426666666666666528e-01
4.426666666666666528e-01
4.426666666666666528e-01
4.426666666666666528e-01
4.426666666666666528e-01
4.426666666666666528e-01
4.423333333333333561e-01
4.423333333333333561e-01
4.423333333333333561e-01
4.420000000000000040e-01
4.420000000000000040e-01
4.420000000000000040e-01
4.420000000000000040e-01
4.420000000000000040e-01
4.420000000000000040e-01
4.420000000000000040e-01
4.420000000000000040e-01
4.410000000000000031e-01
4.410000000000000031e-01
4.410000000000000031e-01
4.410000000000000031e-01
4.410000000000000031e-01
4.410000000000000031e-01
4.410000000000000031e-01
4.410000000000000031e-01
4.410000000000000031e-01
4.410000000000000031e-01
4.410000000000000031e-01
4.406666666666666510e-01
4.406666666666666510e-01
4.403333333333333544e-01
4.400000000000000022e-01
4.400000000000000022e-01
4.400000000000000022e-01
4.400000000000000022e-01
4.396666666666666501e-01
4.396666666666666501e-01
4.393333333333333535e-01
4.393333333333333535e-01
4.393333333333333535e-01
4.393333333333333535e-01
4.393333333333333535e-01
4.393333333333333535e-01
4.390000000000000013e-01
4.390000000000000013e-01
4.390000000000000013e-01
4.390000000000000013e-01
4.390000000000000013e-01
4.390000000000000013e-01
4.390000000000000013e-01
4.386666666666666492e-01
4.383333333333333526e-01
4.383333333333333526e-01
4.383333333333333526e-01
4.383333333333333526e-01
4.380000000000000004e-01
4.376666666666666483e-01
4.376666666666666483e-01
4.376666666666666483e-01
4.376666666666666483e-01
4.373333333333333517e-01
4.369999999999999996e-01
4.366666666666666474e-01
4.366666666666666474e-01
4.366666666666666474e-01
4.366666666666666474e-01
4.366666666666666474e-01
4.363333333333333508e-01
4.356666666666666465e-01
4.353333333333333499e-01
4.349999999999999978e-01
4.346666666666666456e-01
4.343333333333333490e-01
4.339999999999999969e-01
4.339999999999999969e-01
4.339999999999999969e-01
4.333333333333333481e-01
4.329999999999999960e-01
4.326666666666666439e-01
4.323333333333333472e-01
4.316666666666666430e-01
4.316666666666666430e-01
4.313333333333333464e-01
4.313333333333333464e-01
4.306666666666666421e-01
4.306666666666666421e-01
4.303333333333333455e-01
4.303333333333333455e-01
4.299999999999999933e-01
4.299999999999999933e-01
4.299999999999999933e-01
4.299999999999999933e-01
4.296666666666666412e-01
4.293333333333333446e-01
4.289999999999999925e-01
4.289999999999999925e-01
4.289999999999999925e-01
4.286666666666666403e-01
4.283333333333333437e-01
4.283333333333333437e-01
4.283333333333333437e-01
4.283333333333333437e-01
4.279999999999999916e-01
4.276666666666666394e-01
4.276666666666666394e-01
4.273333333333333428e-01
4.269999999999999907e-01
4.266666666666666941e-01
4.266666666666666941e-01
4.266666666666666941e-01
4.266666666666666941e-01
4.266666666666666941e-01
4.263333333333333419e-01
4.263333333333333419e-01
4.259999999999999898e-01
4.259999999999999898e-01
4.259999999999999898e-01
4.259999999999999898e-01
4.259999999999999898e-01
4.256666666666666932e-01
4.253333333333333410e-01
4.249999999999999889e-01
4.249999999999999889e-01
4.246666666666666923e-01
4.246666666666666923e-01
4.246666666666666923e-01
4.246666666666666923e-01
4.243333333333333401e-01
4.243333333333333401e-01
4.233333333333333393e-01
4.233333333333333393e-01
4.233333333333333393e-01
4.233333333333333393e-01
4.229999999999999871e-01
4.229999999999999871e-01
4.223333333333333384e-01
4.219999999999999862e-01
4.219999999999999862e-01
4.216666666666666896e-01
4.216666666666666896e-01
4.216666666666666896e-01
4.216666666666666896e-01
4.216666666666666896e-01
4.216666666666666896e-01
4.216666666666666896e-01
4.213333333333333375e-01
4.213333333333333375e-01
4.213333333333333375e-01
4.213333333333333375e-01
4.213333333333333375e-01
4.213333333333333375e-01
4.213333333333333375e-01
4.213333333333333375e-01
4.209999999999999853e-01
4.209999999999999853e-01
4.199999999999999845e-01
4.199999999999999845e-01
4.199999999999999845e-01
4.196666666666666878e-01
4.196666666666666878e-01
4.196666666666666878e-01
4.196666666666666878e-01
4.186666666666666869e-01
4.186666666666666869e-01
4.186666666666666869e-01
4.186666666666666869e-01
4.186666666666666869e-01
4.186666666666666869e-01
4.186666666666666869e-01
4.183333333333333348e-01
4.183333333333333348e-01
4.183333333333333348e-01
4.179999999999999827e-01
4.176666666666666861e-01
4.176666666666666861e-01
4.176666666666666861e-01
4.176666666666666861e-01
4.176666666666666861e-01
4.176666666666666861e-01
4.176666666666666861e-01
4.176666666666666861e-01
4.176666666666666861e-01
4.176666666666666861e-01
4.173333333333333339e-01
4.173333333333333339e-01
4.173333333333333339e-01
4.173333333333333339e-01
4.173333333333333339e-01
4.173333333333333339e-01
4.173333333333333339e-01
4.173333333333333339e-01
4.173333333333333339e-01
4.173333333333333339e-01
4.173333333333333339e-01
4.173333333333333339e-01
4.173333333333333339e-01
4.173333333333333339e-01
4.169999999999999818e-01
4.169999999999999818e-01
4.169999999999999818e-01
4.166666666666666852e-01
4.163333333333333330e-01
4.163333333333333330e-01
4.163333333333333330e-01
4.163333333333333330e-01
4.163333333333333330e-01
4.163333333333333330e-01
4.163333333333333330e-01
4.163333333333333330e-01
4.163333333333333330e-01
4.163333333333333330e-01
4.163333333333333330e-01
4.163333333333333330e-01
4.163333333333333330e-01
4.163333333333333330e-01
4.163333333333333330e-01
4.163333333333333330e-01
4.163333333333333330e-01
4.159999999999999809e-01
4.159999999999999809e-01
4.159999999999999809e-01
4.159999999999999809e-01
4.159999999999999809e-01
4.159999999999999809e-01
4.159999999999999809e-01
4.159999999999999809e-01
4.159999999999999809e-01
4.159999999999999809e-01
4.156666666666666843e-01
4.156666666666666843e-01
4.156666666666666843e-01
4.156666666666666843e-01
4.156666666666666843e-01
4.156666666666666843e-01
4.153333333333333321e-01
4.153333333333333321e-01
4.149999999999999800e-01
4.149999999999999800e-01
4.149999999999999800e-01
4.146666666666666834e-01
4.146666666666666834e-01
4.146666666666666834e-01
4.146666666666666834e-01
4.146666666666666834e-01
4.146666666666666834e-01
4.146666666666666834e-01
4.146666666666666834e-01
4.146666666666666834e-01
4.146666666666666834e-01
4.146666666666666834e-01
4.146666666666666834e-01
4.146666666666666834e-01
4.146666666666666834e-01
4.146666666666666834e-01
4.146666666666666834e-01
4.143333333333333313e-01
4.136666666666666825e-01
4.136666666666666825e-01
4.136666666666666825e-01
4.136666666666666825e-01
4.136666666666666825e-01
4.136666666666666825e-01
4.136666666666666825e-01
4.136666666666666825e-01
4.133333333333333304e-01
4.129999999999999782e-01
4.129999999999999782e-01
4.129999999999999782e-01
4.129999999999999782e-01
4.129999999999999782e-01
4.129999999999999782e-01
4.126666666666666816e-01
4.126666666666666816e-01
4.123333333333333295e-01
4.119999999999999774e-01
4.119999999999999774e-01
4.119999999999999774e-01
4.119999999999999774e-01
4.119999999999999774e-01
4.119999999999999774e-01
4.119999999999999774e-01
4.119999999999999774e-01
4.119999999999999774e-01
4.119999999999999774e-01
4.116666666666666807e-01
4.116666666666666807e-01
4.116666666666666807e-01
4.116666666666666807e-01
4.116666666666666807e-01
4.116666666666666807e-01
4.116666666666666807e-01
4.113333333333333286e-01
4.113333333333333286e-01
4.113333333333333286e-01
4.113333333333333286e-01
4.113333333333333286e-01
4.113333333333333286e-01
4.113333333333333286e-01
4.113333333333333286e-01
4.113333333333333286e-01
4.113333333333333286e-01
4.113333333333333286e-01
4.113333333333333286e-01
4.113333333333333286e-01
4.113333333333333286e-01
4.113333333333333286e-01
4.113333333333333286e-01
4.113333333333333286e-01
4.113333333333333286e-01
4.109999999999999765e-01
4.109999999999999765e-01
4.109999999999999765e-01
4.109999999999999765e-01
4.109999999999999765e-01
4.106666666666666798e-01
4.106666666666666798e-01
4.106666666666666798e-01
4.106666666666666798e-01
4.106666666666666798e-01
4.106666666666666798e-01
4.106666666666666798e-01
4.106666666666666798e-01
4.106666666666666798e-01
4.106666666666666798e-01
4.106666666666666798e-01
4.106666666666666798e-01
4.106666666666666798e-01
4.106666666666666798e-01
4.106666666666666798e-01
4.106666666666666798e-01
4.106666666666666798e-01
4.103333333333333277e-01
4.103333333333333277e-01
4.103333333333333277e-01
4.103333333333333277e-01
4.103333333333333277e-01
4.103333333333333277e-01
4.103333333333333277e-01
4.103333333333333277e-01
4.103333333333333277e-01
4.099999999999999756e-01
4.099999999999999756e-01
4.096666666666666790e-01
4.096666666666666790e-01
4.096666666666666790e-01
4.096666666666666790e-01
4.096666666666666790e-01
4.096666666666666790e-01
4.096666666666666790e-01
4.096666666666666790e-01
4.096666666666666790e-01
4.096666666666666790e-01
4.096666666666666790e-01
4.096666666666666790e-01
4.093333333333333268e-01
4.093333333333333268e-01
4.089999999999999747e-01
4.089999999999999747e-01
4.089999999999999747e-01
4.089999999999999747e-01
4.089999999999999747e-01
4.089999999999999747e-01
4.089999999999999747e-01
4.089999999999999747e-01
4.089999999999999747e-01
4.086666666666666781e-01
4.086666666666666781e-01
4.086666666666666781e-01
4.086666666666666781e-01
4.086666666666666781e-01
4.083333333333333259e-01
4.083333333333333259e-01
4.083333333333333259e-01
4.083333333333333259e-01
4.083333333333333259e-01
4.083333333333333259e-01
4.083333333333333259e-01
4.083333333333333259e-01
4.083333333333333259e-01
4.083333333333333259e-01
4.083333333333333259e-01
4.083333333333333259e-01
4.076666666666666772e-01
4.076666666666666772e-01
4.076666666666666772e-01
4.076666666666666772e-01
4.076666666666666772e-01
4.076666666666666772e-01
4.076666666666666772e-01
4.076666666666666772e-01
4.076666666666666772e-01
4.076666666666666772e-01
4.076666666666666772e-01
4.076666666666666772e-01
4.076666666666666772e-01
4.076666666666666772e-01
4.076666666666666772e-01
4.076666666666666772e-01
4.076666666666666772e-01
4.076666666666666772e-01
4.076666666666666772e-01
4.076666666666666772e-01
4.076666666666666772e-01
4.076666666666666772e-01
4.076666666666666772e-01
4.076666666666666772e-01
4.076666666666666772e-01
4.076666666666666772e-01
4.076666666666666772e-01
4.076666666666666772e-01
4.076666666666666772e-01
4.076666666666666772e-01
4.076666666666666772e-01
4.076666666666666772e-01
4.076666666666666772e-01
4.076666666666666772e-01
4.076666666666666772e-01
4.076666666666666772e-01
4.076666666666666772e-01
4.073333333333333250e-01
4.073333333333333250e-01
4.073333333333333250e-01
4.073333333333333250e-01
4.069999999999999729e-01
4.069999999999999729e-01
4.069999999999999729e-01
4.066666666666666763e-01
4.066666666666666763e-01
4.066666666666666763e-01
4.066666666666666763e-01
4.066666666666666763e-01
4.066666666666666763e-01
4.066666666666666763e-01
4.066666666666666763e-01
4.066666666666666763e-01
4.066666666666666763e-01
4.066666666666666763e-01
4.066666666666666763e-01
4.066666666666666763e-01
4.066666666666666763e-01
4.066666666666666763e-01
4.066666666666666763e-01
4.066666666666666763e-01
4.066666666666666763e-01
4.066666666666666763e-01
4.066666666666666763e-01
4.066666666666666763e-01
4.066666666666666763e-01
4.066666666666666763e-01
4.066666666666666763e-01
4.066666666666666763e-01
4.066666666666666763e-01
4.066666666666666763e-01
4.066666666666666763e-01
4.063333333333333242e-01
4.063333333333333242e-01
4.063333333333333242e-01
4.063333333333333242e-01
4.063333333333333242e-01
4.060000000000000275e-01
4.060000000000000275e-01
4.060000000000000275e-01
4.060000000000000275e-01
4.060000000000000275e-01
4.060000000000000275e-01
4.060000000000000275e-01
4.056666666666666754e-01
4.056666666666666754e-01
4.056666666666666754e-01
4.056666666666666754e-01
4.056666666666666754e-01
4.056666666666666754e-01
4.056666666666666754e-01
4.056666666666666754e-01
4.056666666666666754e-01
4.056666666666666754e-01
4.053333333333333233e-01
4.053333333333333233e-01
4.053333333333333233e-01
4.053333333333333233e-01
4.053333333333333233e-01
4.053333333333333233e-01
4.053333333333333233e-01
4.053333333333333233e-01
4.053333333333333233e-01
4.053333333333333233e-01
4.050000000000000266e-01
4.050000000000000266e-01
4.050000000000000266e-01
4.046666666666666745e-01
4.043333333333333224e-01
4.043333333333333224e-01
4.043333333333333224e-01
4.043333333333333224e-01
4.043333333333333224e-01
4.043333333333333224e-01
4.043333333333333224e-01
4.043333333333333224e-01
4.043333333333333224e-01
4.043333333333333224e-01
4.043333333333333224e-01
4.043333333333333224e-01
4.043333333333333224e-01
4.043333333333333224e-01
4.043333333333333224e-01
4.043333333333333224e-01
4.043333333333333224e-01
4.043333333333333224e-01
4.043333333333333224e-01
4.040000000000000258e-01
4.040000000000000258e-01
4.040000000000000258e-01
4.040000000000000258e-01
4.040000000000000258e-01
4.040000000000000258e-01
4.040000000000000258e-01
4.040000000000000258e-01
4.040000000000000258e-01
4.040000000000000258e-01
4.040000000000000258e-01
4.040000000000000258e-01
4.040000000000000258e-01
4.040000000000000258e-01
4.040000000000000258e-01
4.040000000000000258e-01
4.040000000000000258e-01
4.040000000000000258e-01
4.040000000000000258e-01
4.036666666666666736e-01
4.036666666666666736e-01
4.036666666666666736e-01
4.036666666666666736e-01
4.036666666666666736e-01
4.036666666666666736e-01
4.036666666666666736e-01
4.036666666666666736e-01
4.036666666666666736e-01
4.036666666666666736e-01
4.036666666666666736e-01
4.036666666666666736e-01
4.036666666666666736e-01
4.036666666666666736e-01
4.036666666666666736e-01
4.036666666666666736e-01
4.036666666666666736e-01
4.036666666666666736e-01
4.036666666666666736e-01
4.036666666666666736e-01
4.036666666666666736e-01
4.036666666666666736e-01
4.036666666666666736e-01
4.036666666666666736e-01
4.036666666666666736e-01
4.036666666666666736e-01
4.036666666666666736e-01
4.036666666666666736e-01
4.036666666666666736e-01
4.036666666666666736e-01
4.036666666666666736e-01
4.036666666666666736e-01
4.036666666666666736e-01
4.036666666666666736e-01
4.036666666666666736e-01
4.036666666666666736e-01
4.036666666666666736e-01
4.036666666666666736e-01
4.036666666666666736e-01
4.036666666666666736e-01
4.036666666666666736e-01
4.036666666666666736e-01
4.036666666666666736e-01
4.036666666666666736e-01
4.036666666666666736e-01
4.033333333333333215e-01
4.033333333333333215e-01
4.033333333333333215e-01
4.033333333333333215e-01
4.033333333333333215e-01
4.033333333333333215e-01
4.030000000000000249e-01
4.030000000000000249e-01
4.030000000000000249e-01
4.030000000000000249e-01
4.030000000000000249e-01
4.030000000000000249e-01
4.030000000000000249e-01
4.030000000000000249e-01
4.030000000000000249e-01
4.030000000000000249e-01
4.030000000000000249e-01
4.030000000000000249e-01
4.030000000000000249e-01
4.030000000000000249e-01
4.030000000000000249e-01
4.030000000000000249e-01
4.030000000000000249e-01
4.030000000000000249e-01
4.030000000000000249e-01
4.030000000000000249e-01
4.030000000000000249e-01
4.030000000000000249e-01
4.026666666666666727e-01
4.026666666666666727e-01
4.026666666666666727e-01
4.026666666666666727e-01
4.026666666666666727e-01
4.026666666666666727e-01
4.026666666666666727e-01
4.026666666666666727e-01
4.026666666666666727e-01
4.026666666666666727e-01
4.026666666666666727e-01
4.026666666666666727e-01
4.023333333333333206e-01
4.023333333333333206e-01
4.023333333333333206e-01
4.023333333333333206e-01
4.023333333333333206e-01
4.023333333333333206e-01
4.023333333333333206e-01
4.023333333333333206e-01
4.023333333333333206e-01
4.023333333333333206e-01
4.023333333333333206e-01
4.023333333333333206e-01
4.023333333333333206e-01
4.023333333333333206e-01
4.023333333333333206e-01
4.023333333333333206e-01
4.020000000000000240e-01
4.020000000000000240e-01
4.020000000000000240e-01
4.020000000000000240e-01
4.020000000000000240e-01
4.020000000000000240e-01
4.020000000000000240e-01
4.020000000000000240e-01
4.020000000000000240e-01
4.020000000000000240e-01
4.020000000000000240e-01
4.020000000000000240e-01
4.020000000000000240e-01
4.020000000000000240e-01
4.020000000000000240e-01
4.020000000000000240e-01
4.020000000000000240e-01
4.016666666666666718e-01
4.016666666666666718e-01
4.016666666666666718e-01
4.016666666666666718e-01
4.016666666666666718e-01
4.016666666666666718e-01
4.013333333333333197e-01
4.013333333333333197e-01
4.013333333333333197e-01
4.013333333333333197e-01
4.013333333333333197e-01
4.013333333333333197e-01
4.013333333333333197e-01
4.013333333333333197e-01
4.013333333333333197e-01
4.013333333333333197e-01
4.013333333333333197e-01
4.013333333333333197e-01
4.013333333333333197e-01
4.013333333333333197e-01
4.013333333333333197e-01
4.013333333333333197e-01
4.013333333333333197e-01
4.013333333333333197e-01
4.013333333333333197e-01
4.013333333333333197e-01
4.013333333333333197e-01
4.013333333333333197e-01
4.013333333333333197e-01
4.013333333333333197e-01
4.013333333333333197e-01
4.013333333333333197e-01
4.013333333333333197e-01
4.013333333333333197e-01
4.013333333333333197e-01
4.013333333333333197e-01
4.013333333333333197e-01
4.013333333333333197e-01
4.013333333333333197e-01
4.013333333333333197e-01
4.013333333333333197e-01
4.013333333333333197e-01
4.013333333333333197e-01
4.013333333333333197e-01
4.013333333333333197e-01
4.013333333333333197e-01
4.013333333333333197e-01
4.013333333333333197e-01
4.013333333333333197e-01
4.013333333333333197e-01
4.013333333333333197e-01
4.013333333333333197e-01
4.013333333333333197e-01
4.013333333333333197e-01
4.013333333333333197e-01
4.013333333333333197e-01
4.013333333333333197e-01
4.013333333333333197e-01
4.013333333333333197e-01
4.013333333333333197e-01
4.013333333333333197e-01
4.013333333333333197e-01
4.013333333333333197e-01
4.013333333333333197e-01
4.013333333333333197e-01
4.013333333333333197e-01
4.013333333333333197e-01
4.013333333333333197e-01
4.013333333333333197e-01
4.013333333333333197e-01
4.013333333333333197e-01
4.013333333333333197e-01
4.013333333333333197e-01
4.013333333333333197e-01
4.013333333333333197e-01
4.013333333333333197e-01
4.013333333333333197e-01
4.013333333333333197e-01
4.013333333333333197e-01
4.013333333333333197e-01
4.013333333333333197e-01
4.013333333333333197e-01
4.013333333333333197e-01
4.013333333333333197e-01
4.013333333333333197e-01
4.013333333333333197e-01
4.013333333333333197e-01
4.013333333333333197e-01
4.013333333333333197e-01
4.013333333333333197e-01
4.013333333333333197e-01
4.013333333333333197e-01
4.013333333333333197e-01
4.013333333333333197e-01
4.013333333333333197e-01
4.013333333333333197e-01
4.013333333333333197e-01
4.013333333333333197e-01
4.013333333333333197e-01
4.010000000000000231e-01
4.010000000000000231e-01
4.010000000000000231e-01
4.010000000000000231e-01
4.010000000000000231e-01
4.010000000000000231e-01
4.010000000000000231e-01
4.010000000000000231e-01
4.010000000000000231e-01
4.010000000000000231e-01
4.010000000000000231e-01
4.010000000000000231e-01
4.010000000000000231e-01
4.010000000000000231e-01
4.010000000000000231e-01
4.010000000000000231e-01
4.010000000000000231e-01
4.010000000000000231e-01
4.010000000000000231e-01
4.010000000000000231e-01
4.010000000000000231e-01
4.010000000000000231e-01
4.010000000000000231e-01
4.010000000000000231e-01
4.010000000000000231e-01
4.010000000000000231e-01
4.010000000000000231e-01
4.006666666666666710e-01
4.006666666666666710e-01
4.006666666666666710e-01
4.006666666666666710e-01
4.006666666666666710e-01
4.006666666666666710e-01
4.006666666666666710e-01
4.006666666666666710e-01
4.006666666666666710e-01
4.006666666666666710e-01
4.006666666666666710e-01
4.006666666666666710e-01
4.006666666666666710e-01
4.006666666666666710e-01
4.006666666666666710e-01
4.006666666666666710e-01
4.006666666666666710e-01
4.006666666666666710e-01
4.006666666666666710e-01
4.006666666666666710e-01
4.006666666666666710e-01
4.006666666666666710e-01
4.006666666666666710e-01
4.006666666666666710e-01
4.006666666666666710e-01
4.006666666666666710e-01
4.006666666666666710e-01
4.006666666666666710e-01
4.006666666666666710e-01
4.006666666666666710e-01
4.006666666666666710e-01
4.006666666666666710e-01
4.006666666666666710e-01
4.006666666666666710e-01
4.006666666666666710e-01
4.006666666666666710e-01
4.006666666666666710e-01
4.003333333333333188e-01
4.003333333333333188e-01
4.003333333333333188e-01
4.003333333333333188e-01
4.003333333333333188e-01
4.003333333333333188e-01
4.003333333333333188e-01
4.003333333333333188e-01
4.003333333333333188e-01
4.003333333333333188e-01
4.003333333333333188e-01
4.003333333333333188e-01
4.003333333333333188e-01
4.003333333333333188e-01
4.003333333333333188e-01
4.003333333333333188e-01
4.003333333333333188e-01
4.003333333333333188e-01
4.003333333333333188e-01
4.003333333333333188e-01
4.003333333333333188e-01
4.003333333333333188e-01
4.000000000000000222e-01
4.000000000000000222e-01
4.000000000000000222e-01
4.000000000000000222e-01
4.000000000000000222e-01
4.000000000000000222e-01
4.000000000000000222e-01
4.000000000000000222e-01
4.000000000000000222e-01
4.000000000000000222e-01
4.000000000000000222e-01
4.000000000000000222e-01
4.000000000000000222e-01
4.000000000000000222e-01
4.000000000000000222e-01
4.000000000000000222e-01
4.000000000000000222e-01
3.996666666666666701e-01
3.996666666666666701e-01
3.996666666666666701e-01
3.996666666666666701e-01
3.996666666666666701e-01
3.996666666666666701e-01
3.996666666666666701e-01
3.996666666666666701e-01
3.996666666666666701e-01
3.996666666666666701e-01
3.996666666666666701e-01
3.996666666666666701e-01
3.996666666666666701e-01
3.996666666666666701e-01
3.996666666666666701e-01
3.996666666666666701e-01
3.996666666666666701e-01
3.996666666666666701e-01
3.996666666666666701e-01
3.996666666666666701e-01
3.993333333333333179e-01
3.993333333333333179e-01
3.993333333333333179e-01
3.993333333333333179e-01
3.993333333333333179e-01
3.993333333333333179e-01
3.993333333333333179e-01
3.993333333333333179e-01
3.993333333333333179e-01
3.993333333333333179e-01
3.993333333333333179e-01
3.993333333333333179e-01
3.993333333333333179e-01
3.993333333333333179e-01
3.993333333333333179e-01
3.993333333333333179e-01
3.993333333333333179e-01
3.993333333333333179e-01
3.993333333333333179e-01
3.993333333333333179e-01
3.993333333333333179e-01
3.993333333333333179e-01
3.993333333333333179e-01
3.993333333333333179e-01
3.993333333333333179e-01
3.993333333333333179e-01
3.993333333333333179e-01
3.993333333333333179e-01
3.993333333333333179e-01
3.993333333333333179e-01
3.993333333333333179e-01
3.993333333333333179e-01
3.993333333333333179e-01
3.993333333333333179e-01
3.993333333333333179e-01
3.993333333333333179e-01
3.993333333333333179e-01
3.993333333333333179e-01
3.993333333333333179e-01
3.993333333333333179e-01
3.993333333333333179e-01
3.993333333333333179e-01
3.993333333333333179e-01
3.993333333333333179e-01
3.993333333333333179e-01
3.993333333333333179e-01
3.993333333333333179e-01
3.993333333333333179e-01
3.993333333333333179e-01
3.993333333333333179e-01
3.993333333333333179e-01
3.993333333333333179e-01
3.993333333333333179e-01
3.993333333333333179e-01
3.993333333333333179e-01
3.990000000000000213e-01
3.990000000000000213e-01
3.990000000000000213e-01
3.990000000000000213e-01
3.990000000000000213e-01
3.990000000000000213e-01
3.990000000000000213e-01
3.990000000000000213e-01
3.990000000000000213e-01
3.990000000000000213e-01
3.990000000000000213e-01
3.990000000000000213e-01
3.990000000000000213e-01
3.990000000000000213e-01
3.990000000000000213e-01
3.990000000000000213e-01
3.990000000000000213e-01
3.990000000000000213e-01
3.990000000000000213e-01
3.990000000000000213e-01
3.990000000000000213e-01
3.990000000000000213e-01
3.990000000000000213e-01
3.990000000000000213e-01
3.990000000000000213e-01
3.990000000000000213e-01
3.990000000000000213e-01
3.990000000000000213e-01
3.990000000000000213e-01
3.990000000000000213e-01
3.990000000000000213e-01
3.990000000000000213e-01
3.990000000000000213e-01
3.990000000000000213e-01
3.990000000000000213e-01
3.990000000000000213e-01
3.990000000000000213e-01
3.990000000000000213e-01
3.990000000000000213e-01
3.990000000000000213e-01
3.990000000000000213e-01
3.990000000000000213e-01
3.990000000000000213e-01
3.990000000000000213e-01
3.990000000000000213e-01
3.990000000000000213e-01
3.990000000000000213e-01
3.990000000000000213e-01
3.990000000000000213e-01
3.990000000000000213e-01
3.990000000000000213e-01
3.990000000000000213e-01
3.990000000000000213e-01
3.990000000000000213e-01
3.990000000000000213e-01
3.990000000000000213e-01
3.990000000000000213e-01
3.990000000000000213e-01
3.990000000000000213e-01
3.990000000000000213e-01
3.990000000000000213e-01
3.990000000000000213e-01
3.990000000000000213e-01
3.990000000000000213e-01
3.990000000000000213e-01
3.990000000000000213e-01
3.990000000000000213e-01
3.990000000000000213e-01
3.990000000000000213e-01
3.990000000000000213e-01
3.990000000000000213e-01
3.990000000000000213e-01
3.990000000000000213e-01
3.990000000000000213e-01
3.990000000000000213e-01
3.990000000000000213e-01
3.990000000000000213e-01
3.990000000000000213e-01
3.990000000000000213e-01
3.990000000000000213e-01
3.990000000000000213e-01
3.990000000000000213e-01
3.990000000000000213e-01
3.990000000000000213e-01
3.990000000000000213e-01
3.990000000000000213e-01
3.990000000000000213e-01
3.986666666666666692e-01
3.986666666666666692e-01
3.986666666666666692e-01
3.986666666666666692e-01
3.986666666666666692e-01
3.986666666666666692e-01
3.986666666666666692e-01
3.986666666666666692e-01
3.986666666666666692e-01
3.986666666666666692e-01
3.986666666666666692e-01
3.986666666666666692e-01
3.986666666666666692e-01
3.983333333333333171e-01
3.983333333333333171e-01
3.983333333333333171e-01
3.983333333333333171e-01
3.983333333333333171e-01
3.980000000000000204e-01
3.980000000000000204e-01
3.980000000000000204e-01
3.980000000000000204e-01
3.980000000000000204e-01
3.980000000000000204e-01
3.980000000000000204e-01
3.980000000000000204e-01
3.980000000000000204e-01
3.980000000000000204e-01
3.980000000000000204e-01
3.980000000000000204e-01
3.980000000000000204e-01
3.980000000000000204e-01
3.980000000000000204e-01
3.980000000000000204e-01
3.980000000000000204e-01
3.980000000000000204e-01
3.980000000000000204e-01
3.980000000000000204e-01
3.980000000000000204e-01
3.980000000000000204e-01
3.980000000000000204e-01
3.980000000000000204e-01
3.980000000000000204e-01
3.980000000000000204e-01
3.980000000000000204e-01
3.976666666666666683e-01
3.976666666666666683e-01
3.976666666666666683e-01
3.976666666666666683e-01
3.976666666666666683e-01
3.976666666666666683e-01
3.976666666666666683e-01
3.976666666666666683e-01
3.976666666666666683e-01
3.976666666666666683e-01
3.976666666666666683e-01
3.976666666666666683e-01
3.976666666666666683e-01
3.976666666666666683e-01
3.976666666666666683e-01
3.976666666666666683e-01
3.976666666666666683e-01
3.976666666666666683e-01
3.976666666666666683e-01
3.976666666666666683e-01
3.976666666666666683e-01
3.976666666666666683e-01
3.976666666666666683e-01
3.976666666666666683e-01
3.976666666666666683e-01
3.976666666666666683e-01
3.976666666666666683e-01
3.976666666666666683e-01
3.976666666666666683e-01
3.976666666666666683e-01
3.976666666666666683e-01
3.976666666666666683e-01
3.976666666666666683e-01
3.976666666666666683e-01
3.976666666666666683e-01
3.976666666666666683e-01
3.976666666666666683e-01
3.976666666666666683e-01
3.976666666666666683e-01
3.976666666666666683e-01
3.976666666666666683e-01
3.976666666666666683e-01
3.976666666666666683e-01
3.976666666666666683e-01
3.976666666666666683e-01
3.976666666666666683e-01
3.976666666666666683e-01
3.976666666666666683e-01
3.976666666666666683e-01
3.976666666666666683e-01
3.976666666666666683e-01
3.976666666666666683e-01
3.976666666666666683e-01
3.976666666666666683e-01
3.973333333333333162e-01
3.973333333333333162e-01
3.973333333333333162e-01
3.973333333333333162e-01
3.973333333333333162e-01
3.973333333333333162e-01
3.973333333333333162e-01
3.973333333333333162e-01
3.973333333333333162e-01
3.973333333333333162e-01
3.973333333333333162e-01
3.973333333333333162e-01
3.973333333333333162e-01
3.973333333333333162e-01
3.973333333333333162e-01
3.973333333333333162e-01
3.973333333333333162e-01
3.973333333333333162e-01
3.973333333333333162e-01
3.973333333333333162e-01
3.973333333333333162e-01
3.973333333333333162e-01
3.973333333333333162e-01
3.973333333333333162e-01
3.973333333333333162e-01
3.973333333333333162e-01
3.973333333333333162e-01
3.973333333333333162e-01
3.973333333333333162e-01
3.973333333333333162e-01
3.973333333333333162e-01
3.973333333333333162e-01
3.973333333333333162e-01
3.973333333333333162e-01
3.973333333333333162e-01
3.973333333333333162e-01
3.973333333333333162e-01
3.973333333333333162e-01
3.973333333333333162e-01
3.973333333333333162e-01
3.973333333333333162e-01
3.973333333333333162e-01
3.973333333333333162e-01
3.973333333333333162e-01
3.973333333333333162e-01
3.973333333333333162e-01
3.973333333333333162e-01
3.973333333333333162e-01
3.973333333333333162e-01
3.973333333333333162e-01
3.973333333333333162e-01
3.973333333333333162e-01
3.973333333333333162e-01
3.973333333333333162e-01
3.973333333333333162e-01
3.970000000000000195e-01
3.970000000000000195e-01
3.970000000000000195e-01
3.970000000000000195e-01
3.970000000000000195e-01
3.966666666666666674e-01
3.966666666666666674e-01
3.966666666666666674e-01
3.966666666666666674e-01
3.966666666666666674e-01
3.966666666666666674e-01
3.966666666666666674e-01
3.966666666666666674e-01
3.966666666666666674e-01
3.966666666666666674e-01
3.966666666666666674e-01
3.966666666666666674e-01
3.966666666666666674e-01
3.966666666666666674e-01
3.963333333333333153e-01
3.963333333333333153e-01
3.963333333333333153e-01
3.963333333333333153e-01
3.963333333333333153e-01
3.963333333333333153e-01
3.963333333333333153e-01
3.963333333333333153e-01
3.963333333333333153e-01
3.963333333333333153e-01
3.963333333333333153e-01
3.963333333333333153e-01
3.963333333333333153e-01
3.963333333333333153e-01
3.963333333333333153e-01
3.963333333333333153e-01
3.963333333333333153e-01
3.963333333333333153e-01
3.960000000000000187e-01
3.960000000000000187e-01
3.960000000000000187e-01
3.960000000000000187e-01
3.960000000000000187e-01
3.960000000000000187e-01
3.960000000000000187e-01
3.960000000000000187e-01
3.960000000000000187e-01
3.960000000000000187e-01
3.960000000000000187e-01
3.960000000000000187e-01
3.960000000000000187e-01
3.960000000000000187e-01
3.960000000000000187e-01
3.960000000000000187e-01
3.960000000000000187e-01
3.960000000000000187e-01
3.960000000000000187e-01
3.960000000000000187e-01
3.960000000000000187e-01
3.960000000000000187e-01
3.960000000000000187e-01
3.960000000000000187e-01
3.960000000000000187e-01
3.960000000000000187e-01
3.956666666666666665e-01
3.956666666666666665e-01
3.956666666666666665e-01
3.956666666666666665e-01
3.956666666666666665e-01
3.956666666666666665e-01
3.956666666666666665e-01
3.956666666666666665e-01
3.956666666666666665e-01
3.956666666666666665e-01
3.956666666666666665e-01
3.956666666666666665e-01
3.956666666666666665e-01
3.956666666666666665e-01
3.956666666666666665e-01
3.956666666666666665e-01
3.956666666666666665e-01
3.956666666666666665e-01
3.956666666666666665e-01
3.956666666666666665e-01
3.956666666666666665e-01
3.956666666666666665e-01
3.956666666666666665e-01
3.956666666666666665e-01
3.956666666666666665e-01
3.956666666666666665e-01
3.956666666666666665e-01
3.956666666666666665e-01
3.956666666666666665e-01
3.956666666666666665e-01
3.956666666666666665e-01
3.956666666666666665e-01
3.956666666666666665e-01
3.956666666666666665e-01
3.956666666666666665e-01
3.956666666666666665e-01
3.956666666666666665e-01
3.956666666666666665e-01
3.956666666666666665e-01
3.956666666666666665e-01
3.953333333333333144e-01
3.953333333333333144e-01
3.953333333333333144e-01
3.953333333333333144e-01
3.953333333333333144e-01
3.953333333333333144e-01
3.953333333333333144e-01
3.953333333333333144e-01
3.953333333333333144e-01
3.953333333333333144e-01
3.953333333333333144e-01
3.953333333333333144e-01
3.953333333333333144e-01
3.953333333333333144e-01
3.953333333333333144e-01
3.953333333333333144e-01
3.953333333333333144e-01
3.953333333333333144e-01
3.953333333333333144e-01
3.953333333333333144e-01
3.953333333333333144e-01
3.953333333333333144e-01
3.953333333333333144e-01
3.953333333333333144e-01
3.953333333333333144e-01
3.953333333333333144e-01
3.953333333333333144e-01
3.950000000000000178e-01
3.950000000000000178e-01
3.950000000000000178e-01
3.950000000000000178e-01
3.950000000000000178e-01
3.950000000000000178e-01
3.950000000000000178e-01
3.950000000000000178e-01
3.950000000000000178e-01
3.950000000000000178e-01
3.950000000000000178e-01
3.950000000000000178e-01
3.950000000000000178e-01
3.950000000000000178e-01
3.950000000000000178e-01
3.950000000000000178e-01
3.950000000000000178e-01
3.950000000000000178e-01
3.950000000000000178e-01
3.950000000000000178e-01
3.950000000000000178e-01
3.950000000000000178e-01
3.950000000000000178e-01
3.950000000000000178e-01
3.950000000000000178e-01
3.950000000000000178e-01
3.950000000000000178e-01
3.950000000000000178e-01
3.950000000000000178e-01
3.950000000000000178e-01
3.950000000000000178e-01
3.950000000000000178e-01
3.950000000000000178e-01
3.950000000000000178e-01
3.950000000000000178e-01
3.946666666666666656e-01
3.946666666666666656e-01
3.946666666666666656e-01
3.946666666666666656e-01
3.946666666666666656e-01
3.946666666666666656e-01
3.946666666666666656e-01
3.946666666666666656e-01
3.946666666666666656e-01
3.946666666666666656e-01
3.946666666666666656e-01
3.946666666666666656e-01
3.946666666666666656e-01
3.946666666666666656e-01
3.946666666666666656e-01
3.946666666666666656e-01
3.946666666666666656e-01
3.946666666666666656e-01
3.946666666666666656e-01
3.946666666666666656e-01
3.946666666666666656e-01
3.946666666666666656e-01
3.946666666666666656e-01
3.946666666666666656e-01
3.946666666666666656e-01
3.946666666666666656e-01
3.946666666666666656e-01
3.946666666666666656e-01
3.946666666666666656e-01
3.946666666666666656e-01
3.946666666666666656e-01
3.946666666666666656e-01
3.946666666666666656e-01
3.946666666666666656e-01
3.946666666666666656e-01
3.946666666666666656e-01
3.946666666666666656e-01
3.946666666666666656e-01
3.946666666666666656e-01
3.946666666666666656e-01
3.946666666666666656e-01
3.946666666666666656e-01
3.946666666666666656e-01
3.946666666666666656e-01
3.946666666666666656e-01
3.946666666666666656e-01
3.946666666666666656e-01
3.946666666666666656e-01
3.946666666666666656e-01
3.946666666666666656e-01
3.946666666666666656e-01
3.946666666666666656e-01
3.946666666666666656e-01
3.946666666666666656e-01
3.946666666666666656e-01
3.946666666666666656e-01
3.946666666666666656e-01
3.946666666666666656e-01
3.946666666666666656e-01
3.946666666666666656e-01
3.946666666666666656e-01
3.946666666666666656e-01
3.946666666666666656e-01
3.946666666666666656e-01
3.946666666666666656e-01
3.946666666666666656e-01
3.946666666666666656e-01
3.946666666666666656e-01
3.946666666666666656e-01
3.946666666666666656e-01
3.946666666666666656e-01
3.946666666666666656e-01
3.946666666666666656e-01
3.946666666666666656e-01
3.946666666666666656e-01
3.946666666666666656e-01
3.946666666666666656e-01
3.946666666666666656e-01
3.946666666666666656e-01
3.946666666666666656e-01
3.946666666666666656e-01
3.946666666666666656e-01
3.946666666666666656e-01
3.946666666666666656e-01
3.946666666666666656e-01
3.946666666666666656e-01
3.946666666666666656e-01
3.946666666666666656e-01
3.946666666666666656e-01
3.946666666666666656e-01
3.946666666666666656e-01
3.946666666666666656e-01
3.946666666666666656e-01
3.946666666666666656e-01
3.946666666666666656e-01
3.946666666666666656e-01
3.946666666666666656e-01
3.946666666666666656e-01
3.946666666666666656e-01
3.946666666666666656e-01
3.946666666666666656e-01
3.946666666666666656e-01
3.946666666666666656e-01
3.946666666666666656e-01
3.946666666666666656e-01
3.946666666666666656e-01
3.946666666666666656e-01
3.946666666666666656e-01
3.946666666666666656e-01
3.946666666666666656e-01
3.946666666666666656e-01
3.946666666666666656e-01
3.943333333333333135e-01
3.943333333333333135e-01
3.943333333333333135e-01
3.943333333333333135e-01
3.943333333333333135e-01
3.943333333333333135e-01
3.943333333333333135e-01
3.943333333333333135e-01
3.943333333333333135e-01
3.943333333333333135e-01
3.943333333333333135e-01
3.943333333333333135e-01
3.943333333333333135e-01
3.943333333333333135e-01
3.943333333333333135e-01
3.943333333333333135e-01
3.943333333333333135e-01
3.943333333333333135e-01
3.943333333333333135e-01
3.943333333333333135e-01
3.943333333333333135e-01
3.943333333333333135e-01
3.943333333333333135e-01
3.943333333333333135e-01
3.943333333333333135e-01
3.943333333333333135e-01
3.940000000000000169e-01
3.940000000000000169e-01
3.940000000000000169e-01
3.940000000000000169e-01
3.940000000000000169e-01
3.940000000000000169e-01
3.940000000000000169e-01
3.940000000000000169e-01
3.940000000000000169e-01
3.940000000000000169e-01
3.940000000000000169e-01
3.940000000000000169e-01
3.940000000000000169e-01
3.940000000000000169e-01
3.940000000000000169e-01
3.940000000000000169e-01
3.940000000000000169e-01
3.940000000000000169e-01
3.940000000000000169e-01
3.940000000000000169e-01
3.940000000000000169e-01
3.940000000000000169e-01
3.940000000000000169e-01
3.940000000000000169e-01
3.940000000000000169e-01
3.940000000000000169e-01
3.940000000000000169e-01
3.940000000000000169e-01
3.940000000000000169e-01
3.940000000000000169e-01
3.940000000000000169e-01
3.940000000000000169e-01
3.940000000000000169e-01
3.940000000000000169e-01
3.940000000000000169e-01
3.940000000000000169e-01
3.940000000000000169e-01
3.940000000000000169e-01
3.940000000000000169e-01
3.940000000000000169e-01
3.940000000000000169e-01
3.940000000000000169e-01
3.940000000000000169e-01
3.940000000000000169e-01
3.940000000000000169e-01
3.940000000000000169e-01
3.940000000000000169e-01
3.940000000000000169e-01
3.940000000000000169e-01
3.940000000000000169e-01
3.940000000000000169e-01
3.940000000000000169e-01
3.940000000000000169e-01
3.940000000000000169e-01
3.940000000000000169e-01
3.940000000000000169e-01
3.940000000000000169e-01
3.940000000000000169e-01
3.940000000000000169e-01
3.940000000000000169e-01
3.940000000000000169e-01
3.940000000000000169e-01
3.940000000000000169e-01
3.940000000000000169e-01
3.940000000000000169e-01
3.940000000000000169e-01
3.940000000000000169e-01
3.940000000000000169e-01
3.940000000000000169e-01
3.940000000000000169e-01
3.940000000000000169e-01
3.940000000000000169e-01
3.940000000000000169e-01
3.940000000000000169e-01
3.936666666666666647e-01
3.936666666666666647e-01
3.936666666666666647e-01
3.936666666666666647e-01
3.936666666666666647e-01
3.936666666666666647e-01
3.936666666666666647e-01
3.936666666666666647e-01
3.936666666666666647e-01
3.936666666666666647e-01
3.936666666666666647e-01
3.936666666666666647e-01
3.936666666666666647e-01
3.936666666666666647e-01
3.936666666666666647e-01
3.936666666666666647e-01
3.936666666666666647e-01
3.936666666666666647e-01
3.936666666666666647e-01
3.936666666666666647e-01
3.936666666666666647e-01
3.936666666666666647e-01
3.936666666666666647e-01
3.933333333333333126e-01
3.933333333333333126e-01
3.933333333333333126e-01
3.933333333333333126e-01
3.933333333333333126e-01
3.933333333333333126e-01
3.933333333333333126e-01
3.933333333333333126e-01
3.933333333333333126e-01
3.933333333333333126e-01
3.933333333333333126e-01
3.933333333333333126e-01
3.933333333333333126e-01
3.930000000000000160e-01
3.930000000000000160e-01
3.930000000000000160e-01
3.930000000000000160e-01
3.926666666666666639e-01
3.926666666666666639e-01
3.926666666666666639e-01
3.926666666666666639e-01
3.926666666666666639e-01
3.926666666666666639e-01
3.926666666666666639e-01
3.926666666666666639e-01
3.926666666666666639e-01
3.926666666666666639e-01
3.926666666666666639e-01
3.926666666666666639e-01
3.926666666666666639e-01
3.926666666666666639e-01
3.926666666666666639e-01
3.926666666666666639e-01
3.926666666666666639e-01
3.926666666666666639e-01
3.926666666666666639e-01
3.926666666666666639e-01
3.926666666666666639e-01
3.926666666666666639e-01
3.926666666666666639e-01
3.926666666666666639e-01
3.926666666666666639e-01
3.926666666666666639e-01
3.926666666666666639e-01
3.926666666666666639e-01
3.926666666666666639e-01
3.926666666666666639e-01
3.926666666666666639e-01
3.926666666666666639e-01
3.926666666666666639e-01
3.926666666666666639e-01
3.926666666666666639e-01
3.926666666666666639e-01
3.926666666666666639e-01
3.926666666666666639e-01
3.926666666666666639e-01
3.923333333333333117e-01
3.923333333333333117e-01
3.923333333333333117e-01
3.923333333333333117e-01
3.923333333333333117e-01
3.923333333333333117e-01
3.923333333333333117e-01
3.923333333333333117e-01
3.923333333333333117e-01
3.923333333333333117e-01
3.923333333333333117e-01
3.923333333333333117e-01
3.923333333333333117e-01
3.923333333333333117e-01
3.923333333333333117e-01
3.923333333333333117e-01
3.923333333333333117e-01
3.923333333333333117e-01
3.923333333333333117e-01
3.923333333333333117e-01
3.923333333333333117e-01
3.923333333333333117e-01
3.923333333333333117e-01
3.923333333333333117e-01
3.923333333333333117e-01
3.923333333333333117e-01
3.923333333333333117e-01
3.923333333333333117e-01
3.923333333333333117e-01
3.923333333333333117e-01
3.923333333333333117e-01
3.923333333333333117e-01
3.923333333333333117e-01
3.923333333333333117e-01
3.923333333333333117e-01
3.923333333333333117e-01
3.923333333333333117e-01
3.923333333333333117e-01
3.923333333333333117e-01
3.923333333333333117e-01
3.923333333333333117e-01
3.923333333333333117e-01
3.923333333333333117e-01
3.923333333333333117e-01
3.923333333333333117e-01
3.923333333333333117e-01
3.923333333333333117e-01
3.923333333333333117e-01
3.923333333333333117e-01
3.923333333333333117e-01
3.923333333333333117e-01
3.923333333333333117e-01
3.923333333333333117e-01
3.923333333333333117e-01
3.923333333333333117e-01
3.923333333333333117e-01
3.923333333333333117e-01
3.923333333333333117e-01
3.923333333333333117e-01
3.923333333333333117e-01
3.923333333333333117e-01
3.923333333333333117e-01
3.923333333333333117e-01
3.923333333333333117e-01
3.923333333333333117e-01
3.923333333333333117e-01
3.923333333333333117e-01
3.923333333333333117e-01
3.923333333333333117e-01
3.923333333333333117e-01
3.923333333333333117e-01
3.923333333333333117e-01
3.923333333333333117e-01
3.923333333333333117e-01
3.923333333333333117e-01
3.923333333333333117e-01
3.923333333333333117e-01
3.923333333333333117e-01
3.923333333333333117e-01
3.923333333333333117e-01
3.923333333333333117e-01
3.923333333333333117e-01
3.923333333333333117e-01
3.923333333333333117e-01
3.923333333333333117e-01
3.923333333333333117e-01
3.923333333333333117e-01
3.923333333333333117e-01
3.923333333333333117e-01
3.923333333333333117e-01
3.923333333333333117e-01
3.923333333333333117e-01
3.923333333333333117e-01
3.923333333333333117e-01
3.923333333333333117e-01
3.923333333333333117e-01
3.923333333333333117e-01
3.923333333333333117e-01
3.923333333333333117e-01
3.923333333333333117e-01
3.920000000000000151e-01
3.920000000000000151e-01
3.920000000000000151e-01
3.920000000000000151e-01
3.920000000000000151e-01
3.920000000000000151e-01
3.920000000000000151e-01
3.920000000000000151e-01
3.920000000000000151e-01
3.920000000000000151e-01
3.920000000000000151e-01
3.920000000000000151e-01
3.920000000000000151e-01
3.920000000000000151e-01
3.920000000000000151e-01
3.920000000000000151e-01
3.920000000000000151e-01
3.920000000000000151e-01
3.920000000000000151e-01
3.920000000000000151e-01
3.920000000000000151e-01
3.920000000000000151e-01
3.920000000000000151e-01
3.920000000000000151e-01
3.920000000000000151e-01
3.920000000000000151e-01
3.920000000000000151e-01
3.920000000000000151e-01
3.920000000000000151e-01
3.920000000000000151e-01
3.920000000000000151e-01
3.920000000000000151e-01
3.920000000000000151e-01
3.920000000000000151e-01
3.920000000000000151e-01
3.920000000000000151e-01
3.920000000000000151e-01
3.920000000000000151e-01
3.920000000000000151e-01
3.920000000000000151e-01
3.920000000000000151e-01
3.920000000000000151e-01
3.920000000000000151e-01
3.920000000000000151e-01
3.920000000000000151e-01
3.920000000000000151e-01
3.920000000000000151e-01
3.920000000000000151e-01
3.920000000000000151e-01
3.920000000000000151e-01
3.920000000000000151e-01
3.920000000000000151e-01
3.920000000000000151e-01
3.920000000000000151e-01
3.920000000000000151e-01
3.920000000000000151e-01
3.920000000000000151e-01
3.920000000000000151e-01
3.920000000000000151e-01
3.920000000000000151e-01
3.920000000000000151e-01
3.920000000000000151e-01
3.920000000000000151e-01
3.920000000000000151e-01
3.920000000000000151e-01
3.920000000000000151e-01
3.920000000000000151e-01
3.920000000000000151e-01
3.920000000000000151e-01
3.920000000000000151e-01
3.920000000000000151e-01
3.920000000000000151e-01
3.920000000000000151e-01
3.920000000000000151e-01
3.920000000000000151e-01
3.920000000000000151e-01
3.920000000000000151e-01
3.920000000000000151e-01
3.920000000000000151e-01
3.920000000000000151e-01
3.920000000000000151e-01
3.920000000000000151e-01
3.920000000000000151e-01
3.920000000000000151e-01
3.920000000000000151e-01
