5.140000000000000124e-01
5.140000000000000124e-01
5.140000000000000124e-01
5.140000000000000124e-01
5.140000000000000124e-01
5.140000000000000124e-01
5.140000000000000124e-01
5.140000000000000124e-01
5.140000000000000124e-01
5.140000000000000124e-01
5.140000000000000124e-01
5.140000000000000124e-01
5.140000000000000124e-01
5.140000000000000124e-01
5.140000000000000124e-01
5.140000000000000124e-01
5.140000000000000124e-01
5.140000000000000124e-01
5.140000000000000124e-01
5.140000000000000124e-01
5.140000000000000124e-01
5.140000000000000124e-01
5.140000000000000124e-01
5.140000000000000124e-01
5.140000000000000124e-01
5.140000000000000124e-01
5.140000000000000124e-01
5.140000000000000124e-01
5.140000000000000124e-01
5.140000000000000124e-01
5.140000000000000124e-01
5.140000000000000124e-01
5.140000000000000124e-01
5.140000000000000124e-01
5.140000000000000124e-01
5.140000000000000124e-01
5.140000000000000124e-01
5.140000000000000124e-01
5.140000000000000124e-01
5.140000000000000124e-01
5.140000000000000124e-01
5.140000000000000124e-01
5.140000000000000124e-01
5.140000000000000124e-01
5.140000000000000124e-01
5.140000000000000124e-01
5.140000000000000124e-01
5.140000000000000124e-01
5.140000000000000124e-01
5.140000000000000124e-01
5.140000000000000124e-01
5.140000000000000124e-01
5.140000000000000124e-01
5.140000000000000124e-01
5.140000000000000124e-01
5.140000000000000124e-01
5.140000000000000124e-01
5.140000000000000124e-01
5.140000000000000124e-01
5.140000000000000124e-01
5.140000000000000124e-01
5.140000000000000124e-01
5.140000000000000124e-01
5.140000000000000124e-01
5.140000000000000124e-01
5.140000000000000124e-01
5.140000000000000124e-01
5.140000000000000124e-01
5.140000000000000124e-01
5.140000000000000124e-01
5.140000000000000124e-01
5.140000000000000124e-01
5.140000000000000124e-01
5.140000000000000124e-01
5.140000000000000124e-01
5.140000000000000124e-01
5.140000000000000124e-01
5.140000000000000124e-01
5.140000000000000124e-01
5.140000000000000124e-01
5.140000000000000124e-01
5.140000000000000124e-01
5.140000000000000124e-01
5.140000000000000124e-01
5.140000000000000124e-01
5.140000000000000124e-01
5.140000000000000124e-01
5.140000000000000124e-01
5.140000000000000124e-01
5.140000000000000124e-01
5.140000000000000124e-01
5.140000000000000124e-01
5.140000000000000124e-01
5.140000000000000124e-01
5.140000000000000124e-01
5.140000000000000124e-01
5.140000000000000124e-01
5.140000000000000124e-01
5.140000000000000124e-01
5.140000000000000124e-01
5.140000000000000124e-01
5.140000000000000124e-01
5.140000000000000124e-01
5.140000000000000124e-01
5.140000000000000124e-01
5.140000000000000124e-01
5.140000000000000124e-01
5.140000000000000124e-01
5.140000000000000124e-01
5.140000000000000124e-01
5.140000000000000124e-01
5.140000000000000124e-01
5.140000000000000124e-01
5.140000000000000124e-01
5.140000000000000124e-01
5.140000000000000124e-01
5.140000000000000124e-01
5.140000000000000124e-01
5.140000000000000124e-01
5.140000000000000124e-01
5.140000000000000124e-01
5.140000000000000124e-01
5.140000000000000124e-01
5.140000000000000124e-01
5.140000000000000124e-01
5.140000000000000124e-01
5.140000000000000124e-01
5.140000000000000124e-01
5.140000000000000124e-01
5.133333333333333082e-01
5.133333333333333082e-01
5.133333333333333082e-01
5.133333333333333082e-01
5.133333333333333082e-01
5.133333333333333082e-01
5.133333333333333082e-01
5.133333333333333082e-01
5.133333333333333082e-01
5.130000000000000115e-01
5.130000000000000115e-01
5.126666666666667149e-01
5.126666666666667149e-01
5.126666666666667149e-01
5.126666666666667149e-01
5.126666666666667149e-01
5.126666666666667149e-01
5.126666666666667149e-01
5.126666666666667149e-01
5.126666666666667149e-01
5.126666666666667149e-01
5.126666666666667149e-01
5.126666666666667149e-01
5.126666666666667149e-01
5.126666666666667149e-01
5.126666666666667149e-01
5.126666666666667149e-01
5.126666666666667149e-01
5.126666666666667149e-01
5.126666666666667149e-01
5.126666666666667149e-01
5.126666666666667149e-01
5.126666666666667149e-01
5.123333333333333073e-01
5.123333333333333073e-01
5.123333333333333073e-01
5.120000000000000107e-01
5.113333333333333064e-01
5.113333333333333064e-01
5.110000000000000098e-01
5.106666666666667131e-01
5.103333333333333055e-01
5.100000000000000089e-01
5.096666666666667123e-01
5.096666666666667123e-01
5.096666666666667123e-01
5.096666666666667123e-01
5.096666666666667123e-01
5.093333333333333046e-01
5.093333333333333046e-01
5.093333333333333046e-01
5.093333333333333046e-01
5.093333333333333046e-01
5.093333333333333046e-01
5.083333333333333037e-01
5.083333333333333037e-01
5.083333333333333037e-01
5.080000000000000071e-01
5.080000000000000071e-01
5.080000000000000071e-01
5.080000000000000071e-01
5.080000000000000071e-01
5.080000000000000071e-01
5.076666666666667105e-01
5.076666666666667105e-01
5.076666666666667105e-01
5.076666666666667105e-01
5.076666666666667105e-01
5.073333333333333028e-01
5.073333333333333028e-01
5.073333333333333028e-01
5.073333333333333028e-01
5.073333333333333028e-01
5.073333333333333028e-01
5.073333333333333028e-01
5.073333333333333028e-01
5.073333333333333028e-01
5.073333333333333028e-01
5.070000000000000062e-01
5.066666666666667096e-01
5.066666666666667096e-01
5.060000000000000053e-01
5.060000000000000053e-01
5.060000000000000053e-01
5.060000000000000053e-01
5.060000000000000053e-01
5.060000000000000053e-01
5.060000000000000053e-01
5.056666666666667087e-01
5.053333333333333011e-01
5.053333333333333011e-01
5.050000000000000044e-01
5.050000000000000044e-01
5.050000000000000044e-01
5.046666666666667078e-01
5.046666666666667078e-01
5.043333333333333002e-01
5.040000000000000036e-01
5.040000000000000036e-01
5.040000000000000036e-01
5.040000000000000036e-01
5.040000000000000036e-01
5.040000000000000036e-01
5.040000000000000036e-01
5.040000000000000036e-01
5.033333333333332993e-01
5.033333333333332993e-01
5.033333333333332993e-01
5.033333333333332993e-01
5.033333333333332993e-01
5.033333333333332993e-01
5.033333333333332993e-01
5.033333333333332993e-01
5.033333333333332993e-01
5.033333333333332993e-01
5.030000000000000027e-01
5.030000000000000027e-01
5.030000000000000027e-01
5.026666666666667060e-01
5.023333333333332984e-01
5.023333333333332984e-01
5.020000000000000018e-01
5.020000000000000018e-01
5.020000000000000018e-01
5.020000000000000018e-01
5.016666666666667052e-01
5.016666666666667052e-01
5.016666666666667052e-01
5.016666666666667052e-01
5.016666666666667052e-01
5.013333333333332975e-01
5.013333333333332975e-01
5.013333333333332975e-01
5.013333333333332975e-01
5.013333333333332975e-01
5.013333333333332975e-01
5.013333333333332975e-01
5.013333333333332975e-01
5.013333333333332975e-01
5.013333333333332975e-01
5.010000000000000009e-01
5.010000000000000009e-01
5.010000000000000009e-01
5.010000000000000009e-01
5.006666666666667043e-01
5.006666666666667043e-01
5.006666666666667043e-01
5.006666666666667043e-01
5.006666666666667043e-01
5.006666666666667043e-01
5.006666666666667043e-01
5.006666666666667043e-01
5.006666666666667043e-01
5.006666666666667043e-01
5.006666666666667043e-01
5.006666666666667043e-01
5.006666666666667043e-01
5.006666666666667043e-01
5.006666666666667043e-01
5.006666666666667043e-01
5.006666666666667043e-01
5.006666666666667043e-01
5.006666666666667043e-01
5.003333333333332966e-01
5.003333333333332966e-01
5.003333333333332966e-01
5.003333333333332966e-01
5.003333333333332966e-01
5.003333333333332966e-01
5.003333333333332966e-01
5.003333333333332966e-01
5.000000000000000000e-01
5.000000000000000000e-01
5.000000000000000000e-01
5.000000000000000000e-01
4.996666666666666479e-01
4.996666666666666479e-01
4.996666666666666479e-01
4.996666666666666479e-01
4.996666666666666479e-01
4.996666666666666479e-01
4.996666666666666479e-01
4.996666666666666479e-01
4.996666666666666479e-01
4.996666666666666479e-01
4.996666666666666479e-01
4.993333333333333512e-01
4.993333333333333512e-01
4.993333333333333512e-01
4.989999999999999991e-01
4.989999999999999991e-01
4.989999999999999991e-01
4.989999999999999991e-01
4.989999999999999991e-01
4.989999999999999991e-01
4.989999999999999991e-01
4.989999999999999991e-01
4.989999999999999991e-01
4.989999999999999991e-01
4.986666666666666470e-01
4.986666666666666470e-01
4.986666666666666470e-01
4.983333333333333504e-01
4.983333333333333504e-01
4.983333333333333504e-01
4.979999999999999982e-01
4.976666666666666461e-01
4.976666666666666461e-01
4.976666666666666461e-01
4.976666666666666461e-01
4.976666666666666461e-01
4.976666666666666461e-01
4.976666666666666461e-01
4.976666666666666461e-01
4.976666666666666461e-01
4.976666666666666461e-01
4.976666666666666461e-01
4.976666666666666461e-01
4.976666666666666461e-01
4.976666666666666461e-01
4.976666666666666461e-01
4.976666666666666461e-01
4.976666666666666461e-01
4.976666666666666461e-01
4.976666666666666461e-01
4.976666666666666461e-01
4.976666666666666461e-01
4.976666666666666461e-01
4.976666666666666461e-01
4.973333333333333495e-01
4.973333333333333495e-01
4.973333333333333495e-01
4.973333333333333495e-01
4.973333333333333495e-01
4.973333333333333495e-01
4.973333333333333495e-01
4.973333333333333495e-01
4.973333333333333495e-01
4.973333333333333495e-01
4.973333333333333495e-01
4.973333333333333495e-01
4.973333333333333495e-01
4.973333333333333495e-01
4.973333333333333495e-01
4.973333333333333495e-01
4.973333333333333495e-01
4.973333333333333495e-01
4.973333333333333495e-01
4.973333333333333495e-01
4.973333333333333495e-01
4.973333333333333495e-01
4.973333333333333495e-01
4.973333333333333495e-01
4.973333333333333495e-01
4.973333333333333495e-01
4.973333333333333495e-01
4.973333333333333495e-01
4.973333333333333495e-01
4.973333333333333495e-01
4.973333333333333495e-01
4.973333333333333495e-01
4.973333333333333495e-01
4.973333333333333495e-01
4.973333333333333495e-01
4.973333333333333495e-01
4.973333333333333495e-01
4.973333333333333495e-01
4.973333333333333495e-01
4.973333333333333495e-01
4.973333333333333495e-01
4.973333333333333495e-01
4.973333333333333495e-01
4.973333333333333495e-01
4.973333333333333495e-01
4.973333333333333495e-01
4.973333333333333495e-01
4.973333333333333495e-01
4.973333333333333495e-01
4.973333333333333495e-01
4.973333333333333495e-01
4.973333333333333495e-01
4.973333333333333495e-01
4.973333333333333495e-01
4.973333333333333495e-01
4.973333333333333495e-01
4.969999999999999973e-01
4.969999999999999973e-01
4.969999999999999973e-01
4.969999999999999973e-01
4.969999999999999973e-01
4.969999999999999973e-01
4.969999999999999973e-01
4.969999999999999973e-01
4.969999999999999973e-01
4.969999999999999973e-01
4.969999999999999973e-01
4.969999999999999973e-01
4.969999999999999973e-01
4.969999999999999973e-01
4.969999999999999973e-01
4.969999999999999973e-01
4.969999999999999973e-01
4.969999999999999973e-01
4.969999999999999973e-01
4.969999999999999973e-01
4.969999999999999973e-01
4.969999999999999973e-01
4.969999999999999973e-01
4.969999999999999973e-01
4.969999999999999973e-01
4.969999999999999973e-01
4.969999999999999973e-01
4.969999999999999973e-01
4.969999999999999973e-01
4.966666666666666452e-01
4.966666666666666452e-01
4.966666666666666452e-01
4.966666666666666452e-01
4.966666666666666452e-01
4.966666666666666452e-01
4.966666666666666452e-01
4.966666666666666452e-01
4.966666666666666452e-01
4.966666666666666452e-01
4.966666666666666452e-01
4.966666666666666452e-01
4.966666666666666452e-01
4.966666666666666452e-01
4.966666666666666452e-01
4.966666666666666452e-01
4.966666666666666452e-01
4.966666666666666452e-01
4.966666666666666452e-01
4.966666666666666452e-01
4.966666666666666452e-01
4.966666666666666452e-01
4.966666666666666452e-01
4.966666666666666452e-01
4.966666666666666452e-01
4.966666666666666452e-01
4.966666666666666452e-01
4.966666666666666452e-01
4.966666666666666452e-01
4.966666666666666452e-01
4.966666666666666452e-01
4.966666666666666452e-01
4.966666666666666452e-01
4.966666666666666452e-01
4.966666666666666452e-01
4.966666666666666452e-01
4.966666666666666452e-01
4.966666666666666452e-01
4.966666666666666452e-01
4.966666666666666452e-01
4.966666666666666452e-01
4.966666666666666452e-01
4.966666666666666452e-01
4.966666666666666452e-01
4.966666666666666452e-01
4.966666666666666452e-01
4.966666666666666452e-01
4.966666666666666452e-01
4.966666666666666452e-01
4.966666666666666452e-01
4.966666666666666452e-01
4.966666666666666452e-01
4.966666666666666452e-01
4.966666666666666452e-01
4.966666666666666452e-01
4.966666666666666452e-01
4.966666666666666452e-01
4.966666666666666452e-01
4.966666666666666452e-01
4.966666666666666452e-01
4.966666666666666452e-01
4.966666666666666452e-01
4.966666666666666452e-01
4.966666666666666452e-01
4.966666666666666452e-01
4.966666666666666452e-01
4.966666666666666452e-01
4.966666666666666452e-01
4.966666666666666452e-01
4.966666666666666452e-01
4.966666666666666452e-01
4.966666666666666452e-01
4.966666666666666452e-01
4.966666666666666452e-01
4.966666666666666452e-01
4.966666666666666452e-01
4.966666666666666452e-01
4.966666666666666452e-01
4.966666666666666452e-01
4.966666666666666452e-01
4.966666666666666452e-01
4.966666666666666452e-01
4.966666666666666452e-01
4.966666666666666452e-01
4.966666666666666452e-01
4.966666666666666452e-01
4.966666666666666452e-01
4.966666666666666452e-01
4.966666666666666452e-01
4.966666666666666452e-01
4.966666666666666452e-01
4.966666666666666452e-01
4.966666666666666452e-01
4.966666666666666452e-01
4.966666666666666452e-01
4.966666666666666452e-01
4.966666666666666452e-01
4.966666666666666452e-01
4.966666666666666452e-01
4.966666666666666452e-01
4.966666666666666452e-01
4.966666666666666452e-01
4.963333333333333486e-01
4.963333333333333486e-01
4.963333333333333486e-01
4.963333333333333486e-01
4.963333333333333486e-01
4.963333333333333486e-01
4.963333333333333486e-01
4.963333333333333486e-01
4.963333333333333486e-01
4.963333333333333486e-01
4.963333333333333486e-01
4.963333333333333486e-01
4.963333333333333486e-01
4.963333333333333486e-01
4.963333333333333486e-01
4.963333333333333486e-01
4.963333333333333486e-01
4.963333333333333486e-01
4.963333333333333486e-01
4.963333333333333486e-01
4.963333333333333486e-01
4.963333333333333486e-01
4.963333333333333486e-01
4.963333333333333486e-01
4.963333333333333486e-01
4.963333333333333486e-01
4.963333333333333486e-01
4.963333333333333486e-01
4.963333333333333486e-01
4.963333333333333486e-01
4.963333333333333486e-01
4.963333333333333486e-01
4.963333333333333486e-01
4.963333333333333486e-01
4.963333333333333486e-01
4.963333333333333486e-01
4.963333333333333486e-01
4.963333333333333486e-01
4.963333333333333486e-01
4.963333333333333486e-01
4.963333333333333486e-01
4.963333333333333486e-01
4.963333333333333486e-01
4.963333333333333486e-01
4.963333333333333486e-01
4.963333333333333486e-01
4.963333333333333486e-01
4.963333333333333486e-01
4.963333333333333486e-01
4.963333333333333486e-01
4.963333333333333486e-01
4.963333333333333486e-01
4.963333333333333486e-01
4.963333333333333486e-01
4.963333333333333486e-01
4.963333333333333486e-01
4.963333333333333486e-01
4.963333333333333486e-01
4.963333333333333486e-01
4.963333333333333486e-01
4.963333333333333486e-01
4.963333333333333486e-01
4.963333333333333486e-01
4.963333333333333486e-01
4.963333333333333486e-01
4.963333333333333486e-01
4.963333333333333486e-01
4.963333333333333486e-01
4.963333333333333486e-01
4.963333333333333486e-01
4.963333333333333486e-01
4.963333333333333486e-01
4.963333333333333486e-01
4.963333333333333486e-01
4.963333333333333486e-01
4.963333333333333486e-01
4.963333333333333486e-01
4.963333333333333486e-01
4.963333333333333486e-01
4.963333333333333486e-01
4.963333333333333486e-01
4.963333333333333486e-01
4.963333333333333486e-01
4.959999999999999964e-01
4.959999999999999964e-01
4.959999999999999964e-01
4.959999999999999964e-01
4.959999999999999964e-01
4.959999999999999964e-01
4.959999999999999964e-01
4.959999999999999964e-01
4.959999999999999964e-01
4.959999999999999964e-01
4.959999999999999964e-01
4.959999999999999964e-01
4.959999999999999964e-01
4.956666666666666443e-01
4.956666666666666443e-01
4.956666666666666443e-01
4.956666666666666443e-01
4.956666666666666443e-01
4.956666666666666443e-01
4.956666666666666443e-01
4.956666666666666443e-01
4.956666666666666443e-01
4.956666666666666443e-01
4.956666666666666443e-01
4.953333333333333477e-01
4.953333333333333477e-01
4.953333333333333477e-01
4.953333333333333477e-01
4.953333333333333477e-01
4.953333333333333477e-01
4.953333333333333477e-01
4.953333333333333477e-01
4.953333333333333477e-01
4.953333333333333477e-01
4.953333333333333477e-01
4.953333333333333477e-01
4.953333333333333477e-01
4.953333333333333477e-01
4.953333333333333477e-01
4.953333333333333477e-01
4.953333333333333477e-01
4.953333333333333477e-01
4.953333333333333477e-01
4.953333333333333477e-01
4.953333333333333477e-01
4.953333333333333477e-01
4.953333333333333477e-01
4.953333333333333477e-01
4.953333333333333477e-01
4.953333333333333477e-01
4.953333333333333477e-01
4.953333333333333477e-01
4.953333333333333477e-01
4.953333333333333477e-01
4.953333333333333477e-01
4.953333333333333477e-01
4.953333333333333477e-01
4.953333333333333477e-01
4.953333333333333477e-01
4.953333333333333477e-01
4.953333333333333477e-01
4.953333333333333477e-01
4.953333333333333477e-01
4.953333333333333477e-01
4.953333333333333477e-01
4.953333333333333477e-01
4.953333333333333477e-01
4.953333333333333477e-01
4.953333333333333477e-01
4.953333333333333477e-01
4.953333333333333477e-01
4.953333333333333477e-01
4.949999999999999956e-01
4.949999999999999956e-01
4.949999999999999956e-01
4.949999999999999956e-01
4.949999999999999956e-01
4.949999999999999956e-01
4.949999999999999956e-01
4.949999999999999956e-01
4.949999999999999956e-01
4.949999999999999956e-01
4.949999999999999956e-01
4.949999999999999956e-01
4.949999999999999956e-01
4.949999999999999956e-01
4.949999999999999956e-01
4.949999999999999956e-01
4.949999999999999956e-01
4.949999999999999956e-01
4.949999999999999956e-01
4.949999999999999956e-01
4.949999999999999956e-01
4.949999999999999956e-01
4.949999999999999956e-01
4.949999999999999956e-01
4.949999999999999956e-01
4.949999999999999956e-01
4.949999999999999956e-01
4.949999999999999956e-01
4.949999999999999956e-01
4.949999999999999956e-01
4.949999999999999956e-01
4.949999999999999956e-01
4.949999999999999956e-01
4.949999999999999956e-01
4.949999999999999956e-01
4.949999999999999956e-01
4.949999999999999956e-01
4.949999999999999956e-01
4.949999999999999956e-01
4.949999999999999956e-01
4.949999999999999956e-01
4.949999999999999956e-01
4.949999999999999956e-01
4.949999999999999956e-01
4.949999999999999956e-01
4.949999999999999956e-01
4.949999999999999956e-01
4.949999999999999956e-01
4.949999999999999956e-01
4.949999999999999956e-01
4.949999999999999956e-01
4.949999999999999956e-01
4.949999999999999956e-01
4.949999999999999956e-01
4.949999999999999956e-01
4.949999999999999956e-01
4.949999999999999956e-01
4.949999999999999956e-01
4.949999999999999956e-01
4.949999999999999956e-01
4.949999999999999956e-01
4.949999999999999956e-01
4.949999999999999956e-01
4.949999999999999956e-01
4.949999999999999956e-01
4.949999999999999956e-01
4.949999999999999956e-01
4.949999999999999956e-01
4.949999999999999956e-01
4.949999999999999956e-01
4.949999999999999956e-01
4.949999999999999956e-01
4.949999999999999956e-01
4.949999999999999956e-01
4.949999999999999956e-01
4.949999999999999956e-01
4.949999999999999956e-01
4.949999999999999956e-01
4.949999999999999956e-01
4.949999999999999956e-01
4.949999999999999956e-01
4.949999999999999956e-01
4.949999999999999956e-01
4.949999999999999956e-01
4.949999999999999956e-01
4.949999999999999956e-01
4.949999999999999956e-01
4.949999999999999956e-01
4.949999999999999956e-01
4.949999999999999956e-01
4.949999999999999956e-01
4.949999999999999956e-01
4.949999999999999956e-01
4.949999999999999956e-01
4.949999999999999956e-01
4.949999999999999956e-01
4.949999999999999956e-01
4.949999999999999956e-01
4.949999999999999956e-01
4.949999999999999956e-01
4.949999999999999956e-01
4.949999999999999956e-01
4.949999999999999956e-01
4.949999999999999956e-01
4.949999999999999956e-01
4.949999999999999956e-01
4.949999999999999956e-01
4.949999999999999956e-01
4.949999999999999956e-01
4.949999999999999956e-01
4.949999999999999956e-01
4.949999999999999956e-01
4.949999999999999956e-01
4.949999999999999956e-01
4.949999999999999956e-01
4.949999999999999956e-01
4.949999999999999956e-01
4.949999999999999956e-01
4.949999999999999956e-01
4.949999999999999956e-01
4.949999999999999956e-01
4.949999999999999956e-01
4.949999999999999956e-01
4.949999999999999956e-01
4.949999999999999956e-01
4.949999999999999956e-01
4.949999999999999956e-01
4.949999999999999956e-01
4.949999999999999956e-01
4.949999999999999956e-01
4.949999999999999956e-01
4.949999999999999956e-01
4.949999999999999956e-01
4.949999999999999956e-01
4.949999999999999956e-01
4.949999999999999956e-01
4.949999999999999956e-01
4.949999999999999956e-01
4.949999999999999956e-01
4.949999999999999956e-01
4.949999999999999956e-01
4.949999999999999956e-01
4.949999999999999956e-01
4.949999999999999956e-01
4.949999999999999956e-01
4.949999999999999956e-01
4.949999999999999956e-01
4.949999999999999956e-01
4.949999999999999956e-01
4.949999999999999956e-01
4.949999999999999956e-01
4.949999999999999956e-01
4.949999999999999956e-01
4.949999999999999956e-01
4.949999999999999956e-01
4.949999999999999956e-01
4.949999999999999956e-01
4.949999999999999956e-01
4.949999999999999956e-01
4.949999999999999956e-01
4.949999999999999956e-01
4.949999999999999956e-01
4.949999999999999956e-01
4.949999999999999956e-01
4.949999999999999956e-01
4.949999999999999956e-01
4.949999999999999956e-01
4.949999999999999956e-01
4.949999999999999956e-01
4.949999999999999956e-01
4.949999999999999956e-01
4.949999999999999956e-01
4.949999999999999956e-01
4.949999999999999956e-01
4.949999999999999956e-01
4.949999999999999956e-01
4.949999999999999956e-01
4.949999999999999956e-01
4.949999999999999956e-01
4.949999999999999956e-01
4.949999999999999956e-01
4.949999999999999956e-01
4.949999999999999956e-01
4.949999999999999956e-01
4.949999999999999956e-01
4.949999999999999956e-01
4.949999999999999956e-01
4.949999999999999956e-01
4.949999999999999956e-01
4.949999999999999956e-01
4.949999999999999956e-01
4.949999999999999956e-01
4.949999999999999956e-01
4.949999999999999956e-01
4.949999999999999956e-01
4.949999999999999956e-01
4.949999999999999956e-01
4.949999999999999956e-01
4.949999999999999956e-01
4.949999999999999956e-01
4.949999999999999956e-01
4.949999999999999956e-01
4.949999999999999956e-01
4.949999999999999956e-01
4.949999999999999956e-01
4.949999999999999956e-01
4.949999999999999956e-01
4.949999999999999956e-01
4.949999999999999956e-01
4.949999999999999956e-01
4.949999999999999956e-01
4.949999999999999956e-01
4.949999999999999956e-01
4.949999999999999956e-01
4.949999999999999956e-01
4.949999999999999956e-01
4.949999999999999956e-01
4.949999999999999956e-01
4.949999999999999956e-01
4.949999999999999956e-01
4.949999999999999956e-01
4.949999999999999956e-01
4.949999999999999956e-01
4.949999999999999956e-01
4.949999999999999956e-01
4.949999999999999956e-01
4.949999999999999956e-01
4.949999999999999956e-01
4.949999999999999956e-01
4.949999999999999956e-01
4.949999999999999956e-01
4.949999999999999956e-01
4.949999999999999956e-01
4.949999999999999956e-01
4.949999999999999956e-01
4.949999999999999956e-01
4.949999999999999956e-01
4.949999999999999956e-01
4.949999999999999956e-01
4.949999999999999956e-01
4.949999999999999956e-01
4.949999999999999956e-01
4.949999999999999956e-01
4.949999999999999956e-01
4.949999999999999956e-01
4.949999999999999956e-01
4.949999999999999956e-01
4.949999999999999956e-01
4.949999999999999956e-01
4.949999999999999956e-01
4.949999999999999956e-01
4.949999999999999956e-01
4.949999999999999956e-01
4.949999999999999956e-01
4.949999999999999956e-01
4.949999999999999956e-01
4.949999999999999956e-01
4.949999999999999956e-01
4.949999999999999956e-01
4.949999999999999956e-01
4.949999999999999956e-01
4.949999999999999956e-01
4.949999999999999956e-01
4.949999999999999956e-01
4.949999999999999956e-01
4.949999999999999956e-01
4.949999999999999956e-01
4.949999999999999956e-01
4.949999999999999956e-01
4.949999999999999956e-01
4.949999999999999956e-01
4.949999999999999956e-01
4.949999999999999956e-01
4.949999999999999956e-01
4.949999999999999956e-01
4.949999999999999956e-01
4.949999999999999956e-01
4.949999999999999956e-01
4.949999999999999956e-01
4.949999999999999956e-01
4.949999999999999956e-01
4.949999999999999956e-01
4.949999999999999956e-01
4.949999999999999956e-01
4.949999999999999956e-01
4.949999999999999956e-01
4.949999999999999956e-01
4.949999999999999956e-01
4.949999999999999956e-01
4.949999999999999956e-01
4.949999999999999956e-01
4.949999999999999956e-01
4.949999999999999956e-01
4.949999999999999956e-01
4.949999999999999956e-01
4.949999999999999956e-01
4.949999999999999956e-01
4.949999999999999956e-01
4.949999999999999956e-01
4.949999999999999956e-01
4.949999999999999956e-01
4.949999999999999956e-01
4.949999999999999956e-01
4.949999999999999956e-01
4.949999999999999956e-01
4.949999999999999956e-01
4.949999999999999956e-01
4.949999999999999956e-01
4.949999999999999956e-01
4.949999999999999956e-01
4.949999999999999956e-01
4.949999999999999956e-01
4.949999999999999956e-01
4.949999999999999956e-01
4.949999999999999956e-01
4.949999999999999956e-01
4.949999999999999956e-01
4.949999999999999956e-01
4.949999999999999956e-01
4.949999999999999956e-01
4.949999999999999956e-01
4.949999999999999956e-01
4.949999999999999956e-01
4.949999999999999956e-01
4.949999999999999956e-01
4.949999999999999956e-01
4.949999999999999956e-01
4.949999999999999956e-01
4.949999999999999956e-01
4.949999999999999956e-01
4.949999999999999956e-01
4.949999999999999956e-01
4.949999999999999956e-01
4.949999999999999956e-01
4.949999999999999956e-01
4.949999999999999956e-01
4.949999999999999956e-01
4.949999999999999956e-01
4.949999999999999956e-01
4.949999999999999956e-01
4.949999999999999956e-01
4.949999999999999956e-01
4.949999999999999956e-01
4.949999999999999956e-01
4.949999999999999956e-01
4.949999999999999956e-01
4.949999999999999956e-01
4.949999999999999956e-01
4.949999999999999956e-01
4.949999999999999956e-01
4.949999999999999956e-01
4.949999999999999956e-01
4.949999999999999956e-01
4.949999999999999956e-01
4.949999999999999956e-01
4.949999999999999956e-01
4.949999999999999956e-01
4.949999999999999956e-01
4.949999999999999956e-01
4.949999999999999956e-01
4.949999999999999956e-01
4.949999999999999956e-01
4.949999999999999956e-01
4.949999999999999956e-01
4.949999999999999956e-01
4.949999999999999956e-01
4.949999999999999956e-01
4.949999999999999956e-01
4.949999999999999956e-01
4.949999999999999956e-01
4.949999999999999956e-01
4.949999999999999956e-01
4.946666666666666434e-01
4.946666666666666434e-01
4.946666666666666434e-01
4.946666666666666434e-01
4.946666666666666434e-01
4.946666666666666434e-01
4.946666666666666434e-01
4.946666666666666434e-01
4.946666666666666434e-01
4.946666666666666434e-01
4.946666666666666434e-01
4.946666666666666434e-01
4.946666666666666434e-01
4.946666666666666434e-01
4.946666666666666434e-01
4.946666666666666434e-01
4.946666666666666434e-01
4.946666666666666434e-01
4.946666666666666434e-01
4.946666666666666434e-01
4.946666666666666434e-01
4.946666666666666434e-01
4.946666666666666434e-01
4.946666666666666434e-01
4.946666666666666434e-01
4.946666666666666434e-01
4.946666666666666434e-01
4.946666666666666434e-01
4.946666666666666434e-01
4.946666666666666434e-01
4.946666666666666434e-01
4.946666666666666434e-01
4.946666666666666434e-01
4.946666666666666434e-01
4.946666666666666434e-01
4.946666666666666434e-01
4.946666666666666434e-01
4.946666666666666434e-01
4.946666666666666434e-01
4.946666666666666434e-01
4.946666666666666434e-01
4.946666666666666434e-01
4.946666666666666434e-01
4.946666666666666434e-01
4.946666666666666434e-01
4.946666666666666434e-01
4.946666666666666434e-01
4.946666666666666434e-01
4.946666666666666434e-01
4.946666666666666434e-01
4.946666666666666434e-01
4.946666666666666434e-01
4.946666666666666434e-01
4.946666666666666434e-01
4.946666666666666434e-01
4.946666666666666434e-01
4.946666666666666434e-01
4.946666666666666434e-01
4.946666666666666434e-01
4.946666666666666434e-01
4.946666666666666434e-01
4.946666666666666434e-01
4.946666666666666434e-01
4.946666666666666434e-01
4.946666666666666434e-01
4.946666666666666434e-01
4.946666666666666434e-01
4.946666666666666434e-01
4.946666666666666434e-01
4.946666666666666434e-01
4.946666666666666434e-01
4.943333333333333468e-01
4.943333333333333468e-01
4.943333333333333468e-01
4.943333333333333468e-01
4.943333333333333468e-01
4.943333333333333468e-01
4.943333333333333468e-01
4.943333333333333468e-01
4.943333333333333468e-01
4.943333333333333468e-01
4.943333333333333468e-01
4.943333333333333468e-01
4.943333333333333468e-01
4.943333333333333468e-01
4.943333333333333468e-01
4.943333333333333468e-01
4.943333333333333468e-01
4.943333333333333468e-01
4.943333333333333468e-01
4.943333333333333468e-01
4.943333333333333468e-01
4.943333333333333468e-01
4.943333333333333468e-01
4.943333333333333468e-01
4.943333333333333468e-01
4.943333333333333468e-01
4.943333333333333468e-01
4.943333333333333468e-01
4.943333333333333468e-01
4.943333333333333468e-01
4.943333333333333468e-01
4.943333333333333468e-01
4.943333333333333468e-01
4.943333333333333468e-01
4.943333333333333468e-01
4.943333333333333468e-01
4.943333333333333468e-01
4.943333333333333468e-01
4.943333333333333468e-01
4.943333333333333468e-01
4.943333333333333468e-01
4.943333333333333468e-01
4.943333333333333468e-01
4.943333333333333468e-01
4.943333333333333468e-01
4.943333333333333468e-01
4.943333333333333468e-01
4.943333333333333468e-01
4.943333333333333468e-01
4.943333333333333468e-01
4.943333333333333468e-01
4.943333333333333468e-01
4.943333333333333468e-01
4.943333333333333468e-01
4.943333333333333468e-01
4.943333333333333468e-01
4.943333333333333468e-01
4.943333333333333468e-01
4.943333333333333468e-01
4.943333333333333468e-01
4.943333333333333468e-01
4.943333333333333468e-01
4.943333333333333468e-01
4.943333333333333468e-01
4.943333333333333468e-01
4.943333333333333468e-01
4.943333333333333468e-01
4.943333333333333468e-01
4.943333333333333468e-01
4.943333333333333468e-01
4.943333333333333468e-01
4.943333333333333468e-01
4.943333333333333468e-01
4.943333333333333468e-01
4.943333333333333468e-01
4.943333333333333468e-01
4.943333333333333468e-01
4.943333333333333468e-01
4.943333333333333468e-01
4.943333333333333468e-01
4.943333333333333468e-01
4.943333333333333468e-01
4.943333333333333468e-01
4.943333333333333468e-01
4.943333333333333468e-01
4.943333333333333468e-01
4.943333333333333468e-01
4.943333333333333468e-01
4.943333333333333468e-01
4.943333333333333468e-01
4.943333333333333468e-01
4.943333333333333468e-01
4.943333333333333468e-01
4.943333333333333468e-01
4.943333333333333468e-01
4.943333333333333468e-01
4.943333333333333468e-01
4.943333333333333468e-01
4.943333333333333468e-01
4.943333333333333468e-01
4.943333333333333468e-01
4.943333333333333468e-01
4.943333333333333468e-01
4.943333333333333468e-01
4.943333333333333468e-01
4.943333333333333468e-01
4.943333333333333468e-01
4.943333333333333468e-01
4.943333333333333468e-01
4.943333333333333468e-01
4.943333333333333468e-01
4.943333333333333468e-01
4.943333333333333468e-01
4.943333333333333468e-01
4.943333333333333468e-01
4.943333333333333468e-01
4.943333333333333468e-01
4.943333333333333468e-01
4.943333333333333468e-01
4.943333333333333468e-01
4.943333333333333468e-01
4.943333333333333468e-01
4.943333333333333468e-01
4.943333333333333468e-01
4.943333333333333468e-01
4.943333333333333468e-01
4.943333333333333468e-01
4.943333333333333468e-01
4.943333333333333468e-01
4.943333333333333468e-01
4.943333333333333468e-01
4.943333333333333468e-01
4.943333333333333468e-01
4.943333333333333468e-01
4.943333333333333468e-01
4.943333333333333468e-01
4.943333333333333468e-01
4.943333333333333468e-01
4.943333333333333468e-01
4.943333333333333468e-01
4.943333333333333468e-01
4.943333333333333468e-01
4.943333333333333468e-01
4.943333333333333468e-01
4.943333333333333468e-01
4.943333333333333468e-01
4.943333333333333468e-01
4.943333333333333468e-01
4.943333333333333468e-01
4.943333333333333468e-01
4.943333333333333468e-01
4.943333333333333468e-01
4.943333333333333468e-01
4.943333333333333468e-01
4.943333333333333468e-01
4.943333333333333468e-01
4.943333333333333468e-01
4.939999999999999947e-01
4.939999999999999947e-01
4.939999999999999947e-01
4.939999999999999947e-01
4.939999999999999947e-01
4.939999999999999947e-01
4.939999999999999947e-01
4.939999999999999947e-01
4.939999999999999947e-01
4.939999999999999947e-01
4.939999999999999947e-01
4.939999999999999947e-01
4.939999999999999947e-01
4.939999999999999947e-01
4.939999999999999947e-01
4.939999999999999947e-01
4.939999999999999947e-01
4.939999999999999947e-01
4.939999999999999947e-01
4.939999999999999947e-01
4.939999999999999947e-01
4.939999999999999947e-01
4.939999999999999947e-01
4.939999999999999947e-01
4.939999999999999947e-01
4.939999999999999947e-01
4.939999999999999947e-01
4.939999999999999947e-01
4.939999999999999947e-01
4.939999999999999947e-01
4.939999999999999947e-01
4.939999999999999947e-01
4.939999999999999947e-01
4.939999999999999947e-01
4.939999999999999947e-01
4.939999999999999947e-01
4.939999999999999947e-01
4.939999999999999947e-01
4.939999999999999947e-01
4.939999999999999947e-01
4.939999999999999947e-01
4.939999999999999947e-01
4.939999999999999947e-01
4.939999999999999947e-01
4.939999999999999947e-01
4.939999999999999947e-01
4.939999999999999947e-01
4.939999999999999947e-01
4.939999999999999947e-01
4.939999999999999947e-01
4.939999999999999947e-01
4.939999999999999947e-01
4.939999999999999947e-01
4.939999999999999947e-01
4.939999999999999947e-01
4.939999999999999947e-01
4.939999999999999947e-01
4.939999999999999947e-01
4.939999999999999947e-01
4.939999999999999947e-01
4.939999999999999947e-01
4.939999999999999947e-01
4.939999999999999947e-01
4.939999999999999947e-01
4.939999999999999947e-01
4.939999999999999947e-01
4.939999999999999947e-01
4.939999999999999947e-01
4.939999999999999947e-01
4.939999999999999947e-01
4.939999999999999947e-01
4.939999999999999947e-01
4.939999999999999947e-01
4.939999999999999947e-01
4.939999999999999947e-01
4.939999999999999947e-01
4.939999999999999947e-01
4.939999999999999947e-01
4.939999999999999947e-01
4.939999999999999947e-01
4.939999999999999947e-01
4.939999999999999947e-01
4.939999999999999947e-01
4.939999999999999947e-01
4.939999999999999947e-01
4.939999999999999947e-01
4.939999999999999947e-01
4.939999999999999947e-01
4.939999999999999947e-01
4.939999999999999947e-01
4.939999999999999947e-01
4.939999999999999947e-01
4.939999999999999947e-01
4.939999999999999947e-01
4.939999999999999947e-01
4.939999999999999947e-01
4.939999999999999947e-01
4.939999999999999947e-01
4.939999999999999947e-01
4.939999999999999947e-01
4.939999999999999947e-01
4.939999999999999947e-01
4.939999999999999947e-01
4.939999999999999947e-01
4.939999999999999947e-01
4.939999999999999947e-01
4.939999999999999947e-01
4.939999999999999947e-01
4.939999999999999947e-01
4.939999999999999947e-01
4.939999999999999947e-01
4.939999999999999947e-01
4.939999999999999947e-01
4.939999999999999947e-01
4.939999999999999947e-01
4.939999999999999947e-01
4.939999999999999947e-01
4.939999999999999947e-01
4.939999999999999947e-01
4.939999999999999947e-01
4.939999999999999947e-01
4.939999999999999947e-01
4.939999999999999947e-01
4.939999999999999947e-01
4.939999999999999947e-01
4.939999999999999947e-01
4.939999999999999947e-01
4.939999999999999947e-01
4.939999999999999947e-01
4.939999999999999947e-01
4.939999999999999947e-01
4.939999999999999947e-01
4.939999999999999947e-01
4.939999999999999947e-01
4.939999999999999947e-01
4.939999999999999947e-01
4.939999999999999947e-01
4.939999999999999947e-01
4.939999999999999947e-01
4.939999999999999947e-01
4.939999999999999947e-01
4.939999999999999947e-01
4.939999999999999947e-01
4.939999999999999947e-01
4.939999999999999947e-01
4.939999999999999947e-01
4.939999999999999947e-01
4.939999999999999947e-01
4.939999999999999947e-01
4.939999999999999947e-01
4.939999999999999947e-01
4.939999999999999947e-01
4.939999999999999947e-01
4.939999999999999947e-01
4.939999999999999947e-01
4.939999999999999947e-01
4.939999999999999947e-01
4.939999999999999947e-01
4.939999999999999947e-01
4.939999999999999947e-01
4.939999999999999947e-01
4.939999999999999947e-01
4.939999999999999947e-01
4.939999999999999947e-01
4.939999999999999947e-01
4.939999999999999947e-01
4.939999999999999947e-01
4.939999999999999947e-01
4.939999999999999947e-01
4.939999999999999947e-01
4.939999999999999947e-01
4.939999999999999947e-01
4.939999999999999947e-01
4.939999999999999947e-01
4.939999999999999947e-01
4.939999999999999947e-01
4.939999999999999947e-01
4.939999999999999947e-01
4.939999999999999947e-01
4.939999999999999947e-01
4.939999999999999947e-01
4.939999999999999947e-01
4.939999999999999947e-01
4.939999999999999947e-01
4.939999999999999947e-01
4.939999999999999947e-01
4.939999999999999947e-01
4.939999999999999947e-01
4.939999999999999947e-01
4.939999999999999947e-01
4.939999999999999947e-01
4.939999999999999947e-01
4.939999999999999947e-01
4.939999999999999947e-01
4.939999999999999947e-01
4.939999999999999947e-01
4.939999999999999947e-01
4.939999999999999947e-01
4.939999999999999947e-01
4.939999999999999947e-01
4.939999999999999947e-01
4.939999999999999947e-01
4.939999999999999947e-01
4.939999999999999947e-01
4.939999999999999947e-01
4.939999999999999947e-01
4.939999999999999947e-01
4.939999999999999947e-01
4.939999999999999947e-01
4.939999999999999947e-01
4.939999999999999947e-01
4.939999999999999947e-01
4.939999999999999947e-01
4.939999999999999947e-01
4.939999999999999947e-01
4.939999999999999947e-01
4.939999999999999947e-01
4.939999999999999947e-01
4.939999999999999947e-01
4.939999999999999947e-01
4.939999999999999947e-01
4.939999999999999947e-01
4.939999999999999947e-01
4.939999999999999947e-01
4.939999999999999947e-01
4.939999999999999947e-01
4.939999999999999947e-01
4.939999999999999947e-01
4.939999999999999947e-01
4.939999999999999947e-01
4.939999999999999947e-01
4.939999999999999947e-01
4.939999999999999947e-01
4.939999999999999947e-01
4.939999999999999947e-01
4.939999999999999947e-01
4.939999999999999947e-01
4.939999999999999947e-01
4.939999999999999947e-01
4.939999999999999947e-01
4.939999999999999947e-01
4.939999999999999947e-01
4.939999999999999947e-01
4.939999999999999947e-01
4.939999999999999947e-01
4.939999999999999947e-01
4.939999999999999947e-01
4.939999999999999947e-01
4.939999999999999947e-01
4.939999999999999947e-01
4.939999999999999947e-01
4.939999999999999947e-01
4.939999999999999947e-01
4.939999999999999947e-01
4.939999999999999947e-01
4.939999999999999947e-01
4.939999999999999947e-01
4.939999999999999947e-01
4.939999999999999947e-01
4.939999999999999947e-01
4.939999999999999947e-01
4.939999999999999947e-01
4.939999999999999947e-01
4.939999999999999947e-01
4.939999999999999947e-01
4.939999999999999947e-01
4.939999999999999947e-01
4.939999999999999947e-01
4.939999999999999947e-01
4.939999999999999947e-01
4.939999999999999947e-01
4.939999999999999947e-01
4.939999999999999947e-01
4.939999999999999947e-01
4.939999999999999947e-01
4.939999999999999947e-01
4.939999999999999947e-01
4.939999999999999947e-01
4.939999999999999947e-01
4.939999999999999947e-01
4.939999999999999947e-01
4.939999999999999947e-01
4.939999999999999947e-01
4.939999999999999947e-01
4.939999999999999947e-01
4.939999999999999947e-01
4.939999999999999947e-01
4.939999999999999947e-01
4.939999999999999947e-01
4.939999999999999947e-01
4.939999999999999947e-01
4.939999999999999947e-01
4.939999999999999947e-01
4.939999999999999947e-01
4.939999999999999947e-01
4.939999999999999947e-01
4.939999999999999947e-01
4.939999999999999947e-01
4.939999999999999947e-01
4.939999999999999947e-01
4.939999999999999947e-01
4.939999999999999947e-01
4.939999999999999947e-01
4.939999999999999947e-01
4.939999999999999947e-01
4.939999999999999947e-01
4.939999999999999947e-01
4.939999999999999947e-01
4.939999999999999947e-01
4.939999999999999947e-01
4.939999999999999947e-01
4.939999999999999947e-01
4.939999999999999947e-01
4.939999999999999947e-01
4.939999999999999947e-01
4.939999999999999947e-01
4.939999999999999947e-01
4.939999999999999947e-01
4.939999999999999947e-01
4.939999999999999947e-01
4.939999999999999947e-01
4.939999999999999947e-01
4.939999999999999947e-01
4.939999999999999947e-01
4.939999999999999947e-01
4.939999999999999947e-01
4.939999999999999947e-01
4.939999999999999947e-01
4.939999999999999947e-01
4.939999999999999947e-01
4.939999999999999947e-01
4.939999999999999947e-01
4.939999999999999947e-01
4.939999999999999947e-01
4.939999999999999947e-01
4.939999999999999947e-01
4.939999999999999947e-01
4.939999999999999947e-01
4.939999999999999947e-01
4.939999999999999947e-01
4.939999999999999947e-01
4.939999999999999947e-01
4.939999999999999947e-01
4.939999999999999947e-01
4.939999999999999947e-01
4.939999999999999947e-01
4.939999999999999947e-01
4.939999999999999947e-01
4.939999999999999947e-01
4.939999999999999947e-01
4.939999999999999947e-01
4.939999999999999947e-01
4.939999999999999947e-01
4.939999999999999947e-01
4.939999999999999947e-01
4.939999999999999947e-01
4.939999999999999947e-01
4.939999999999999947e-01
4.939999999999999947e-01
4.939999999999999947e-01
4.939999999999999947e-01
4.939999999999999947e-01
4.939999999999999947e-01
4.939999999999999947e-01
4.939999999999999947e-01
4.939999999999999947e-01
4.939999999999999947e-01
4.939999999999999947e-01
4.939999999999999947e-01
4.939999999999999947e-01
4.939999999999999947e-01
4.939999999999999947e-01
4.939999999999999947e-01
4.939999999999999947e-01
4.939999999999999947e-01
4.939999999999999947e-01
4.939999999999999947e-01
4.939999999999999947e-01
4.939999999999999947e-01
4.939999999999999947e-01
4.939999999999999947e-01
4.939999999999999947e-01
4.939999999999999947e-01
4.939999999999999947e-01
4.939999999999999947e-01
4.939999999999999947e-01
4.939999999999999947e-01
4.939999999999999947e-01
4.939999999999999947e-01
4.939999999999999947e-01
4.939999999999999947e-01
4.939999999999999947e-01
4.939999999999999947e-01
4.939999999999999947e-01
4.939999999999999947e-01
4.939999999999999947e-01
4.939999999999999947e-01
4.939999999999999947e-01
4.939999999999999947e-01
4.939999999999999947e-01
4.939999999999999947e-01
4.939999999999999947e-01
4.939999999999999947e-01
4.939999999999999947e-01
4.939999999999999947e-01
4.939999999999999947e-01
4.939999999999999947e-01
4.939999999999999947e-01
4.939999999999999947e-01
4.939999999999999947e-01
4.939999999999999947e-01
4.939999999999999947e-01
4.939999999999999947e-01
4.939999999999999947e-01
4.939999999999999947e-01
4.939999999999999947e-01
4.939999999999999947e-01
4.939999999999999947e-01
4.939999999999999947e-01
4.939999999999999947e-01
4.939999999999999947e-01
4.939999999999999947e-01
4.939999999999999947e-01
4.939999999999999947e-01
4.939999999999999947e-01
4.939999999999999947e-01
4.939999999999999947e-01
4.939999999999999947e-01
4.939999999999999947e-01
4.939999999999999947e-01
4.939999999999999947e-01
4.939999999999999947e-01
4.939999999999999947e-01
4.939999999999999947e-01
4.939999999999999947e-01
4.939999999999999947e-01
4.939999999999999947e-01
4.939999999999999947e-01
4.939999999999999947e-01
4.939999999999999947e-01
4.939999999999999947e-01
4.939999999999999947e-01
4.939999999999999947e-01
4.939999999999999947e-01
4.939999999999999947e-01
4.939999999999999947e-01
4.939999999999999947e-01
4.939999999999999947e-01
4.939999999999999947e-01
4.939999999999999947e-01
4.939999999999999947e-01
4.939999999999999947e-01
4.939999999999999947e-01
4.939999999999999947e-01
4.939999999999999947e-01
4.939999999999999947e-01
4.939999999999999947e-01
4.939999999999999947e-01
4.939999999999999947e-01
4.939999999999999947e-01
4.939999999999999947e-01
4.939999999999999947e-01
4.939999999999999947e-01
4.939999999999999947e-01
4.939999999999999947e-01
4.939999999999999947e-01
4.939999999999999947e-01
4.939999999999999947e-01
4.939999999999999947e-01
4.939999999999999947e-01
4.939999999999999947e-01
4.939999999999999947e-01
4.939999999999999947e-01
4.939999999999999947e-01
4.939999999999999947e-01
4.939999999999999947e-01
4.939999999999999947e-01
4.939999999999999947e-01
4.939999999999999947e-01
4.939999999999999947e-01
4.939999999999999947e-01
4.939999999999999947e-01
4.939999999999999947e-01
4.939999999999999947e-01
4.939999999999999947e-01
4.939999999999999947e-01
4.939999999999999947e-01
4.939999999999999947e-01
4.939999999999999947e-01
4.939999999999999947e-01
4.939999999999999947e-01
4.939999999999999947e-01
4.939999999999999947e-01
4.939999999999999947e-01
4.939999999999999947e-01
4.939999999999999947e-01
4.939999999999999947e-01
4.939999999999999947e-01
4.939999999999999947e-01
4.939999999999999947e-01
4.939999999999999947e-01
4.939999999999999947e-01
4.939999999999999947e-01
4.939999999999999947e-01
4.939999999999999947e-01
4.939999999999999947e-01
4.939999999999999947e-01
4.939999999999999947e-01
4.939999999999999947e-01
4.939999999999999947e-01
4.939999999999999947e-01
4.939999999999999947e-01
4.939999999999999947e-01
4.939999999999999947e-01
4.939999999999999947e-01
4.939999999999999947e-01
4.939999999999999947e-01
4.939999999999999947e-01
4.939999999999999947e-01
4.939999999999999947e-01
4.939999999999999947e-01
4.939999999999999947e-01
4.939999999999999947e-01
4.939999999999999947e-01
4.939999999999999947e-01
4.939999999999999947e-01
4.939999999999999947e-01
4.939999999999999947e-01
4.939999999999999947e-01
4.939999999999999947e-01
4.939999999999999947e-01
4.939999999999999947e-01
4.939999999999999947e-01
4.939999999999999947e-01
4.939999999999999947e-01
4.939999999999999947e-01
4.939999999999999947e-01
4.939999999999999947e-01
4.939999999999999947e-01
4.939999999999999947e-01
4.939999999999999947e-01
4.939999999999999947e-01
4.939999999999999947e-01
4.939999999999999947e-01
4.939999999999999947e-01
4.939999999999999947e-01
4.939999999999999947e-01
4.939999999999999947e-01
4.939999999999999947e-01
4.939999999999999947e-01
4.939999999999999947e-01
4.939999999999999947e-01
4.939999999999999947e-01
4.939999999999999947e-01
4.939999999999999947e-01
4.939999999999999947e-01
4.939999999999999947e-01
4.939999999999999947e-01
4.939999999999999947e-01
4.939999999999999947e-01
4.939999999999999947e-01
4.939999999999999947e-01
4.939999999999999947e-01
4.939999999999999947e-01
4.939999999999999947e-01
4.939999999999999947e-01
4.939999999999999947e-01
4.939999999999999947e-01
4.939999999999999947e-01
4.939999999999999947e-01
4.939999999999999947e-01
4.939999999999999947e-01
4.939999999999999947e-01
4.939999999999999947e-01
4.939999999999999947e-01
4.939999999999999947e-01
4.939999999999999947e-01
4.939999999999999947e-01
4.939999999999999947e-01
4.939999999999999947e-01
4.939999999999999947e-01
4.939999999999999947e-01
4.939999999999999947e-01
4.939999999999999947e-01
4.939999999999999947e-01
4.939999999999999947e-01
4.939999999999999947e-01
4.939999999999999947e-01
4.939999999999999947e-01
4.939999999999999947e-01
4.939999999999999947e-01
4.939999999999999947e-01
4.939999999999999947e-01
4.939999999999999947e-01
4.939999999999999947e-01
4.939999999999999947e-01
4.939999999999999947e-01
4.939999999999999947e-01
4.939999999999999947e-01
4.939999999999999947e-01
4.939999999999999947e-01
4.939999999999999947e-01
4.939999999999999947e-01
4.939999999999999947e-01
4.939999999999999947e-01
4.939999999999999947e-01
4.939999999999999947e-01
4.939999999999999947e-01
4.939999999999999947e-01
4.939999999999999947e-01
4.939999999999999947e-01
4.939999999999999947e-01
4.939999999999999947e-01
4.939999999999999947e-01
4.939999999999999947e-01
4.939999999999999947e-01
4.939999999999999947e-01
4.939999999999999947e-01
4.939999999999999947e-01
4.939999999999999947e-01
4.939999999999999947e-01
4.939999999999999947e-01
4.939999999999999947e-01
4.939999999999999947e-01
4.939999999999999947e-01
4.939999999999999947e-01
4.939999999999999947e-01
4.939999999999999947e-01
4.939999999999999947e-01
4.939999999999999947e-01
4.939999999999999947e-01
4.939999999999999947e-01
4.939999999999999947e-01
4.939999999999999947e-01
4.939999999999999947e-01
4.939999999999999947e-01
4.939999999999999947e-01
4.939999999999999947e-01
4.939999999999999947e-01
4.939999999999999947e-01
4.939999999999999947e-01
4.939999999999999947e-01
4.939999999999999947e-01
4.939999999999999947e-01
4.939999999999999947e-01
4.939999999999999947e-01
4.939999999999999947e-01
4.939999999999999947e-01
4.939999999999999947e-01
4.939999999999999947e-01
4.939999999999999947e-01
4.939999999999999947e-01
4.939999999999999947e-01
4.939999999999999947e-01
4.939999999999999947e-01
4.939999999999999947e-01
4.939999999999999947e-01
4.939999999999999947e-01
4.939999999999999947e-01
4.939999999999999947e-01
4.939999999999999947e-01
4.939999999999999947e-01
4.939999999999999947e-01
4.939999999999999947e-01
4.939999999999999947e-01
4.939999999999999947e-01
4.939999999999999947e-01
4.939999999999999947e-01
4.939999999999999947e-01
4.939999999999999947e-01
4.939999999999999947e-01
4.939999999999999947e-01
4.939999999999999947e-01
4.939999999999999947e-01
4.939999999999999947e-01
4.939999999999999947e-01
4.939999999999999947e-01
4.939999999999999947e-01
4.939999999999999947e-01
4.939999999999999947e-01
4.939999999999999947e-01
4.939999999999999947e-01
4.939999999999999947e-01
4.939999999999999947e-01
4.939999999999999947e-01
4.939999999999999947e-01
4.939999999999999947e-01
4.939999999999999947e-01
4.939999999999999947e-01
4.939999999999999947e-01
4.939999999999999947e-01
4.939999999999999947e-01
4.939999999999999947e-01
4.939999999999999947e-01
4.939999999999999947e-01
4.939999999999999947e-01
4.939999999999999947e-01
4.939999999999999947e-01
4.939999999999999947e-01
4.939999999999999947e-01
