1.497142857142857164e-01
1.497142857142857164e-01
1.497142857142857164e-01
1.497142857142857164e-01
1.497142857142857164e-01
1.497142857142857164e-01
1.497142857142857164e-01
1.497142857142857164e-01
1.497142857142857164e-01
1.497142857142857164e-01
1.497142857142857164e-01
1.497142857142857164e-01
1.497142857142857164e-01
1.497142857142857164e-01
1.497142857142857164e-01
1.497142857142857164e-01
1.497142857142857164e-01
1.497142857142857164e-01
1.497142857142857164e-01
1.497142857142857164e-01
1.497142857142857164e-01
1.497142857142857164e-01
1.497142857142857164e-01
1.497142857142857164e-01
1.497142857142857164e-01
1.497142857142857164e-01
1.497142857142857164e-01
1.497142857142857164e-01
1.497142857142857164e-01
1.497142857142857164e-01
1.497142857142857164e-01
1.497142857142857164e-01
1.497142857142857164e-01
1.497142857142857164e-01
1.497142857142857164e-01
1.497142857142857164e-01
1.497142857142857164e-01
1.497142857142857164e-01
1.497142857142857164e-01
1.497142857142857164e-01
1.497142857142857164e-01
1.497142857142857164e-01
1.497142857142857164e-01
1.497142857142857164e-01
1.497142857142857164e-01
1.497142857142857164e-01
1.497142857142857164e-01
1.497142857142857164e-01
1.497142857142857164e-01
1.497142857142857164e-01
1.497142857142857164e-01
1.497142857142857164e-01
1.497142857142857164e-01
1.497142857142857164e-01
1.497142857142857164e-01
1.497142857142857164e-01
1.497142857142857164e-01
1.497142857142857164e-01
1.497142857142857164e-01
1.497142857142857164e-01
1.497142857142857164e-01
1.497142857142857164e-01
1.497142857142857164e-01
1.497142857142857164e-01
1.494285714285714384e-01
1.491428571428571326e-01
1.491428571428571326e-01
1.491428571428571326e-01
1.491428571428571326e-01
1.491428571428571326e-01
1.491428571428571326e-01
1.491428571428571326e-01
1.491428571428571326e-01
1.491428571428571326e-01
1.491428571428571326e-01
1.488571428571428545e-01
1.488571428571428545e-01
1.488571428571428545e-01
1.485714285714285765e-01
1.485714285714285765e-01
1.485714285714285765e-01
1.485714285714285765e-01
1.482857142857142985e-01
1.479999999999999927e-01
1.479999999999999927e-01
1.477142857142857146e-01
1.477142857142857146e-01
1.477142857142857146e-01
1.477142857142857146e-01
1.477142857142857146e-01
1.474285714285714366e-01
1.474285714285714366e-01
1.471428571428571308e-01
1.471428571428571308e-01
1.468571428571428528e-01
1.468571428571428528e-01
1.468571428571428528e-01
1.468571428571428528e-01
1.468571428571428528e-01
1.468571428571428528e-01
1.468571428571428528e-01
1.465714285714285747e-01
1.465714285714285747e-01
1.465714285714285747e-01
1.462857142857142967e-01
1.462857142857142967e-01
1.462857142857142967e-01
1.462857142857142967e-01
1.462857142857142967e-01
1.462857142857142967e-01
1.462857142857142967e-01
1.462857142857142967e-01
1.459999999999999909e-01
1.459999999999999909e-01
1.459999999999999909e-01
1.457142857142857129e-01
1.457142857142857129e-01
1.457142857142857129e-01
1.457142857142857129e-01
1.457142857142857129e-01
1.457142857142857129e-01
1.457142857142857129e-01
1.457142857142857129e-01
1.457142857142857129e-01
1.457142857142857129e-01
1.457142857142857129e-01
1.454285714285714348e-01
1.454285714285714348e-01
1.454285714285714348e-01
1.454285714285714348e-01
1.454285714285714348e-01
1.454285714285714348e-01
1.454285714285714348e-01
1.454285714285714348e-01
1.454285714285714348e-01
1.454285714285714348e-01
1.454285714285714348e-01
1.454285714285714348e-01
1.454285714285714348e-01
1.454285714285714348e-01
1.454285714285714348e-01
1.454285714285714348e-01
1.454285714285714348e-01
1.454285714285714348e-01
1.454285714285714348e-01
1.454285714285714348e-01
1.451428571428571290e-01
1.451428571428571290e-01
1.451428571428571290e-01
1.451428571428571290e-01
1.451428571428571290e-01
1.451428571428571290e-01
1.451428571428571290e-01
1.451428571428571290e-01
1.451428571428571290e-01
1.451428571428571290e-01
1.451428571428571290e-01
1.451428571428571290e-01
1.451428571428571290e-01
1.451428571428571290e-01
1.451428571428571290e-01
1.451428571428571290e-01
1.451428571428571290e-01
1.451428571428571290e-01
1.451428571428571290e-01
1.451428571428571290e-01
1.451428571428571290e-01
1.451428571428571290e-01
1.451428571428571290e-01
1.451428571428571290e-01
1.451428571428571290e-01
1.451428571428571290e-01
1.451428571428571290e-01
1.451428571428571290e-01
1.451428571428571290e-01
1.451428571428571290e-01
1.451428571428571290e-01
1.451428571428571290e-01
1.451428571428571290e-01
1.451428571428571290e-01
1.451428571428571290e-01
1.451428571428571290e-01
1.451428571428571290e-01
1.451428571428571290e-01
1.451428571428571290e-01
1.451428571428571290e-01
1.451428571428571290e-01
1.451428571428571290e-01
1.451428571428571290e-01
1.451428571428571290e-01
1.448571428571428510e-01
1.448571428571428510e-01
1.448571428571428510e-01
1.448571428571428510e-01
1.445714285714285730e-01
1.445714285714285730e-01
1.445714285714285730e-01
1.445714285714285730e-01
1.445714285714285730e-01
1.445714285714285730e-01
1.445714285714285730e-01
1.445714285714285730e-01
1.445714285714285730e-01
1.445714285714285730e-01
1.445714285714285730e-01
1.445714285714285730e-01
1.445714285714285730e-01
1.442857142857142949e-01
1.442857142857142949e-01
1.442857142857142949e-01
1.442857142857142949e-01
1.442857142857142949e-01
1.442857142857142949e-01
1.442857142857142949e-01
1.442857142857142949e-01
1.442857142857142949e-01
1.442857142857142949e-01
1.442857142857142949e-01
1.442857142857142949e-01
1.442857142857142949e-01
1.442857142857142949e-01
1.442857142857142949e-01
1.442857142857142949e-01
1.442857142857142949e-01
1.442857142857142949e-01
1.442857142857142949e-01
1.442857142857142949e-01
1.442857142857142949e-01
1.442857142857142949e-01
1.442857142857142949e-01
1.442857142857142949e-01
1.442857142857142949e-01
1.442857142857142949e-01
1.442857142857142949e-01
1.442857142857142949e-01
1.442857142857142949e-01
1.442857142857142949e-01
1.439999999999999891e-01
1.439999999999999891e-01
1.439999999999999891e-01
1.439999999999999891e-01
1.439999999999999891e-01
1.439999999999999891e-01
1.439999999999999891e-01
1.439999999999999891e-01
1.439999999999999891e-01
1.439999999999999891e-01
1.439999999999999891e-01
1.439999999999999891e-01
1.439999999999999891e-01
1.439999999999999891e-01
1.439999999999999891e-01
1.439999999999999891e-01
1.439999999999999891e-01
1.439999999999999891e-01
1.439999999999999891e-01
1.439999999999999891e-01
1.439999999999999891e-01
1.439999999999999891e-01
1.439999999999999891e-01
1.439999999999999891e-01
1.439999999999999891e-01
1.439999999999999891e-01
1.439999999999999891e-01
1.439999999999999891e-01
1.439999999999999891e-01
1.439999999999999891e-01
1.439999999999999891e-01
1.439999999999999891e-01
1.437142857142857111e-01
1.437142857142857111e-01
1.437142857142857111e-01
1.437142857142857111e-01
1.437142857142857111e-01
1.437142857142857111e-01
1.437142857142857111e-01
1.437142857142857111e-01
1.437142857142857111e-01
1.434285714285714330e-01
1.434285714285714330e-01
1.434285714285714330e-01
1.434285714285714330e-01
1.434285714285714330e-01
1.434285714285714330e-01
1.434285714285714330e-01
1.434285714285714330e-01
1.434285714285714330e-01
1.434285714285714330e-01
1.434285714285714330e-01
1.434285714285714330e-01
1.434285714285714330e-01
1.434285714285714330e-01
1.434285714285714330e-01
1.434285714285714330e-01
1.434285714285714330e-01
1.434285714285714330e-01
1.434285714285714330e-01
1.434285714285714330e-01
1.434285714285714330e-01
1.434285714285714330e-01
1.431428571428571550e-01
1.431428571428571550e-01
1.431428571428571550e-01
1.431428571428571550e-01
1.431428571428571550e-01
1.431428571428571550e-01
1.431428571428571550e-01
1.431428571428571550e-01
1.431428571428571550e-01
1.431428571428571550e-01
1.431428571428571550e-01
1.431428571428571550e-01
1.431428571428571550e-01
1.431428571428571550e-01
1.431428571428571550e-01
1.431428571428571550e-01
1.431428571428571550e-01
1.431428571428571550e-01
1.431428571428571550e-01
1.431428571428571550e-01
1.431428571428571550e-01
1.431428571428571550e-01
1.431428571428571550e-01
1.431428571428571550e-01
1.431428571428571550e-01
1.431428571428571550e-01
1.431428571428571550e-01
1.431428571428571550e-01
1.431428571428571550e-01
1.431428571428571550e-01
1.431428571428571550e-01
1.431428571428571550e-01
1.428571428571428492e-01
1.428571428571428492e-01
1.428571428571428492e-01
1.428571428571428492e-01
1.428571428571428492e-01
1.428571428571428492e-01
1.428571428571428492e-01
1.428571428571428492e-01
1.428571428571428492e-01
1.428571428571428492e-01
1.428571428571428492e-01
1.428571428571428492e-01
1.428571428571428492e-01
1.425714285714285712e-01
1.425714285714285712e-01
1.425714285714285712e-01
1.425714285714285712e-01
1.425714285714285712e-01
1.425714285714285712e-01
1.425714285714285712e-01
1.425714285714285712e-01
1.425714285714285712e-01
1.425714285714285712e-01
1.425714285714285712e-01
1.425714285714285712e-01
1.425714285714285712e-01
1.425714285714285712e-01
1.425714285714285712e-01
1.425714285714285712e-01
1.425714285714285712e-01
1.425714285714285712e-01
1.425714285714285712e-01
1.425714285714285712e-01
1.425714285714285712e-01
1.425714285714285712e-01
1.425714285714285712e-01
1.425714285714285712e-01
1.425714285714285712e-01
1.425714285714285712e-01
1.425714285714285712e-01
1.425714285714285712e-01
1.425714285714285712e-01
1.425714285714285712e-01
1.425714285714285712e-01
1.425714285714285712e-01
1.425714285714285712e-01
1.425714285714285712e-01
1.425714285714285712e-01
1.425714285714285712e-01
1.425714285714285712e-01
1.425714285714285712e-01
1.425714285714285712e-01
1.425714285714285712e-01
1.425714285714285712e-01
1.425714285714285712e-01
1.425714285714285712e-01
1.422857142857142931e-01
1.422857142857142931e-01
1.422857142857142931e-01
1.422857142857142931e-01
1.422857142857142931e-01
1.422857142857142931e-01
1.422857142857142931e-01
1.422857142857142931e-01
1.422857142857142931e-01
1.422857142857142931e-01
1.422857142857142931e-01
1.422857142857142931e-01
1.422857142857142931e-01
1.422857142857142931e-01
1.422857142857142931e-01
1.422857142857142931e-01
1.422857142857142931e-01
1.422857142857142931e-01
1.422857142857142931e-01
1.422857142857142931e-01
1.422857142857142931e-01
1.422857142857142931e-01
1.422857142857142931e-01
1.422857142857142931e-01
1.422857142857142931e-01
1.422857142857142931e-01
1.422857142857142931e-01
1.422857142857142931e-01
1.422857142857142931e-01
1.422857142857142931e-01
1.422857142857142931e-01
1.422857142857142931e-01
1.422857142857142931e-01
1.422857142857142931e-01
1.422857142857142931e-01
1.422857142857142931e-01
1.422857142857142931e-01
1.422857142857142931e-01
1.422857142857142931e-01
1.422857142857142931e-01
1.422857142857142931e-01
1.422857142857142931e-01
1.422857142857142931e-01
1.422857142857142931e-01
1.422857142857142931e-01
1.422857142857142931e-01
1.422857142857142931e-01
1.422857142857142931e-01
1.422857142857142931e-01
1.422857142857142931e-01
1.422857142857142931e-01
1.422857142857142931e-01
1.422857142857142931e-01
1.422857142857142931e-01
1.422857142857142931e-01
1.422857142857142931e-01
1.422857142857142931e-01
1.422857142857142931e-01
1.422857142857142931e-01
1.422857142857142931e-01
1.422857142857142931e-01
1.422857142857142931e-01
1.422857142857142931e-01
1.422857142857142931e-01
1.422857142857142931e-01
1.422857142857142931e-01
1.422857142857142931e-01
1.422857142857142931e-01
1.422857142857142931e-01
1.422857142857142931e-01
1.422857142857142931e-01
1.422857142857142931e-01
1.422857142857142931e-01
1.422857142857142931e-01
1.422857142857142931e-01
1.422857142857142931e-01
1.422857142857142931e-01
1.422857142857142931e-01
1.422857142857142931e-01
1.422857142857142931e-01
1.422857142857142931e-01
1.422857142857142931e-01
1.422857142857142931e-01
1.422857142857142931e-01
1.422857142857142931e-01
1.422857142857142931e-01
1.422857142857142931e-01
1.422857142857142931e-01
1.422857142857142931e-01
1.422857142857142931e-01
1.422857142857142931e-01
1.422857142857142931e-01
1.422857142857142931e-01
1.422857142857142931e-01
1.422857142857142931e-01
1.422857142857142931e-01
1.422857142857142931e-01
1.422857142857142931e-01
1.422857142857142931e-01
1.422857142857142931e-01
1.422857142857142931e-01
1.422857142857142931e-01
1.422857142857142931e-01
1.422857142857142931e-01
1.422857142857142931e-01
1.422857142857142931e-01
1.422857142857142931e-01
1.422857142857142931e-01
1.422857142857142931e-01
1.422857142857142931e-01
1.422857142857142931e-01
1.422857142857142931e-01
1.422857142857142931e-01
1.422857142857142931e-01
1.422857142857142931e-01
1.422857142857142931e-01
1.422857142857142931e-01
1.419999999999999873e-01
1.419999999999999873e-01
1.419999999999999873e-01
1.419999999999999873e-01
1.419999999999999873e-01
1.419999999999999873e-01
1.419999999999999873e-01
1.419999999999999873e-01
1.419999999999999873e-01
1.419999999999999873e-01
1.419999999999999873e-01
1.419999999999999873e-01
1.419999999999999873e-01
1.419999999999999873e-01
1.419999999999999873e-01
1.419999999999999873e-01
1.419999999999999873e-01
1.419999999999999873e-01
1.419999999999999873e-01
1.419999999999999873e-01
1.419999999999999873e-01
1.419999999999999873e-01
1.419999999999999873e-01
1.419999999999999873e-01
1.419999999999999873e-01
1.419999999999999873e-01
1.419999999999999873e-01
1.419999999999999873e-01
1.419999999999999873e-01
1.419999999999999873e-01
1.419999999999999873e-01
1.419999999999999873e-01
1.419999999999999873e-01
1.419999999999999873e-01
1.419999999999999873e-01
1.419999999999999873e-01
1.419999999999999873e-01
1.419999999999999873e-01
1.419999999999999873e-01
1.419999999999999873e-01
1.419999999999999873e-01
1.419999999999999873e-01
1.419999999999999873e-01
1.419999999999999873e-01
1.419999999999999873e-01
1.419999999999999873e-01
1.419999999999999873e-01
1.419999999999999873e-01
1.419999999999999873e-01
1.419999999999999873e-01
1.419999999999999873e-01
1.419999999999999873e-01
1.419999999999999873e-01
1.419999999999999873e-01
1.419999999999999873e-01
1.419999999999999873e-01
1.419999999999999873e-01
1.419999999999999873e-01
1.419999999999999873e-01
1.419999999999999873e-01
1.419999999999999873e-01
1.419999999999999873e-01
1.419999999999999873e-01
1.419999999999999873e-01
1.417142857142857093e-01
1.417142857142857093e-01
1.417142857142857093e-01
1.417142857142857093e-01
1.417142857142857093e-01
1.417142857142857093e-01
1.417142857142857093e-01
1.417142857142857093e-01
1.417142857142857093e-01
1.417142857142857093e-01
1.417142857142857093e-01
1.417142857142857093e-01
1.417142857142857093e-01
1.417142857142857093e-01
1.417142857142857093e-01
1.417142857142857093e-01
1.417142857142857093e-01
1.417142857142857093e-01
1.417142857142857093e-01
1.417142857142857093e-01
1.417142857142857093e-01
1.417142857142857093e-01
1.417142857142857093e-01
1.417142857142857093e-01
1.417142857142857093e-01
1.417142857142857093e-01
1.417142857142857093e-01
1.417142857142857093e-01
1.417142857142857093e-01
1.417142857142857093e-01
1.417142857142857093e-01
1.417142857142857093e-01
1.417142857142857093e-01
1.417142857142857093e-01
1.417142857142857093e-01
1.417142857142857093e-01
1.417142857142857093e-01
1.417142857142857093e-01
1.417142857142857093e-01
1.417142857142857093e-01
1.417142857142857093e-01
1.414285714285714313e-01
1.414285714285714313e-01
1.414285714285714313e-01
1.414285714285714313e-01
1.414285714285714313e-01
1.414285714285714313e-01
1.414285714285714313e-01
1.411428571428571532e-01
1.408571428571428474e-01
1.408571428571428474e-01
1.408571428571428474e-01
1.405714285714285694e-01
1.405714285714285694e-01
1.405714285714285694e-01
1.405714285714285694e-01
1.402857142857142914e-01
1.400000000000000133e-01
1.400000000000000133e-01
1.400000000000000133e-01
1.400000000000000133e-01
1.400000000000000133e-01
1.400000000000000133e-01
1.400000000000000133e-01
1.400000000000000133e-01
1.400000000000000133e-01
1.400000000000000133e-01
1.400000000000000133e-01
1.400000000000000133e-01
1.400000000000000133e-01
1.400000000000000133e-01
1.400000000000000133e-01
1.400000000000000133e-01
1.400000000000000133e-01
1.400000000000000133e-01
1.400000000000000133e-01
1.400000000000000133e-01
1.400000000000000133e-01
1.400000000000000133e-01
1.400000000000000133e-01
1.400000000000000133e-01
1.400000000000000133e-01
1.400000000000000133e-01
1.400000000000000133e-01
1.400000000000000133e-01
1.400000000000000133e-01
1.400000000000000133e-01
1.400000000000000133e-01
1.400000000000000133e-01
1.400000000000000133e-01
1.400000000000000133e-01
1.400000000000000133e-01
1.400000000000000133e-01
1.400000000000000133e-01
1.400000000000000133e-01
1.400000000000000133e-01
1.400000000000000133e-01
1.400000000000000133e-01
1.400000000000000133e-01
1.400000000000000133e-01
1.400000000000000133e-01
1.400000000000000133e-01
1.400000000000000133e-01
1.400000000000000133e-01
1.400000000000000133e-01
1.400000000000000133e-01
1.400000000000000133e-01
1.400000000000000133e-01
1.400000000000000133e-01
1.400000000000000133e-01
1.400000000000000133e-01
1.400000000000000133e-01
1.400000000000000133e-01
1.400000000000000133e-01
1.400000000000000133e-01
1.400000000000000133e-01
1.400000000000000133e-01
1.400000000000000133e-01
1.400000000000000133e-01
1.400000000000000133e-01
1.400000000000000133e-01
1.400000000000000133e-01
1.400000000000000133e-01
1.400000000000000133e-01
1.400000000000000133e-01
1.400000000000000133e-01
1.400000000000000133e-01
1.400000000000000133e-01
1.400000000000000133e-01
1.400000000000000133e-01
1.397142857142857075e-01
1.397142857142857075e-01
1.397142857142857075e-01
1.397142857142857075e-01
1.397142857142857075e-01
1.397142857142857075e-01
1.397142857142857075e-01
1.397142857142857075e-01
1.397142857142857075e-01
1.397142857142857075e-01
1.397142857142857075e-01
1.397142857142857075e-01
1.397142857142857075e-01
1.397142857142857075e-01
1.397142857142857075e-01
1.397142857142857075e-01
1.397142857142857075e-01
1.397142857142857075e-01
1.397142857142857075e-01
1.397142857142857075e-01
1.397142857142857075e-01
1.397142857142857075e-01
1.397142857142857075e-01
1.397142857142857075e-01
1.397142857142857075e-01
1.397142857142857075e-01
1.397142857142857075e-01
1.397142857142857075e-01
1.397142857142857075e-01
1.397142857142857075e-01
1.397142857142857075e-01
1.397142857142857075e-01
1.397142857142857075e-01
1.397142857142857075e-01
1.397142857142857075e-01
1.397142857142857075e-01
1.397142857142857075e-01
1.397142857142857075e-01
1.397142857142857075e-01
1.397142857142857075e-01
1.397142857142857075e-01
1.394285714285714295e-01
1.394285714285714295e-01
1.394285714285714295e-01
1.394285714285714295e-01
1.394285714285714295e-01
1.394285714285714295e-01
1.394285714285714295e-01
1.394285714285714295e-01
1.394285714285714295e-01
1.394285714285714295e-01
1.394285714285714295e-01
1.394285714285714295e-01
1.394285714285714295e-01
1.394285714285714295e-01
1.394285714285714295e-01
1.394285714285714295e-01
1.394285714285714295e-01
1.394285714285714295e-01
1.394285714285714295e-01
1.394285714285714295e-01
1.394285714285714295e-01
1.394285714285714295e-01
1.391428571428571515e-01
1.391428571428571515e-01
1.391428571428571515e-01
1.391428571428571515e-01
1.391428571428571515e-01
1.391428571428571515e-01
1.391428571428571515e-01
1.391428571428571515e-01
1.391428571428571515e-01
1.391428571428571515e-01
1.391428571428571515e-01
1.391428571428571515e-01
1.391428571428571515e-01
1.391428571428571515e-01
1.391428571428571515e-01
1.391428571428571515e-01
1.391428571428571515e-01
1.391428571428571515e-01
1.391428571428571515e-01
1.391428571428571515e-01
1.391428571428571515e-01
1.391428571428571515e-01
1.391428571428571515e-01
1.391428571428571515e-01
1.391428571428571515e-01
1.388571428571428457e-01
1.388571428571428457e-01
1.388571428571428457e-01
1.388571428571428457e-01
1.388571428571428457e-01
1.388571428571428457e-01
1.388571428571428457e-01
1.388571428571428457e-01
1.385714285714285676e-01
1.385714285714285676e-01
1.385714285714285676e-01
1.385714285714285676e-01
1.385714285714285676e-01
1.385714285714285676e-01
1.385714285714285676e-01
1.385714285714285676e-01
1.385714285714285676e-01
1.385714285714285676e-01
1.385714285714285676e-01
1.385714285714285676e-01
1.385714285714285676e-01
1.385714285714285676e-01
1.385714285714285676e-01
1.385714285714285676e-01
1.385714285714285676e-01
1.385714285714285676e-01
1.385714285714285676e-01
1.385714285714285676e-01
1.385714285714285676e-01
1.385714285714285676e-01
1.385714285714285676e-01
1.385714285714285676e-01
1.385714285714285676e-01
1.385714285714285676e-01
1.385714285714285676e-01
1.385714285714285676e-01
1.385714285714285676e-01
1.385714285714285676e-01
1.385714285714285676e-01
1.385714285714285676e-01
1.385714285714285676e-01
1.385714285714285676e-01
1.385714285714285676e-01
1.385714285714285676e-01
1.385714285714285676e-01
1.385714285714285676e-01
1.385714285714285676e-01
1.385714285714285676e-01
1.385714285714285676e-01
1.385714285714285676e-01
1.385714285714285676e-01
1.385714285714285676e-01
1.385714285714285676e-01
1.385714285714285676e-01
1.385714285714285676e-01
1.385714285714285676e-01
1.385714285714285676e-01
1.385714285714285676e-01
1.385714285714285676e-01
1.385714285714285676e-01
1.385714285714285676e-01
1.385714285714285676e-01
1.382857142857142896e-01
1.382857142857142896e-01
1.382857142857142896e-01
1.382857142857142896e-01
1.382857142857142896e-01
1.382857142857142896e-01
1.382857142857142896e-01
1.382857142857142896e-01
1.382857142857142896e-01
1.382857142857142896e-01
1.382857142857142896e-01
1.382857142857142896e-01
1.382857142857142896e-01
1.382857142857142896e-01
1.382857142857142896e-01
1.382857142857142896e-01
1.382857142857142896e-01
1.382857142857142896e-01
1.382857142857142896e-01
1.382857142857142896e-01
1.382857142857142896e-01
1.382857142857142896e-01
1.382857142857142896e-01
1.382857142857142896e-01
1.382857142857142896e-01
1.382857142857142896e-01
1.382857142857142896e-01
1.382857142857142896e-01
1.382857142857142896e-01
1.382857142857142896e-01
1.382857142857142896e-01
1.382857142857142896e-01
1.382857142857142896e-01
1.382857142857142896e-01
1.382857142857142896e-01
1.382857142857142896e-01
1.382857142857142896e-01
1.382857142857142896e-01
1.382857142857142896e-01
1.382857142857142896e-01
1.382857142857142896e-01
1.382857142857142896e-01
1.382857142857142896e-01
1.382857142857142896e-01
1.380000000000000115e-01
1.380000000000000115e-01
1.380000000000000115e-01
1.380000000000000115e-01
1.380000000000000115e-01
1.380000000000000115e-01
1.380000000000000115e-01
1.380000000000000115e-01
1.380000000000000115e-01
1.380000000000000115e-01
1.380000000000000115e-01
1.380000000000000115e-01
1.380000000000000115e-01
1.380000000000000115e-01
1.380000000000000115e-01
1.380000000000000115e-01
1.380000000000000115e-01
1.380000000000000115e-01
1.380000000000000115e-01
1.380000000000000115e-01
1.377142857142857058e-01
1.377142857142857058e-01
1.377142857142857058e-01
1.374285714285714277e-01
1.374285714285714277e-01
1.374285714285714277e-01
1.374285714285714277e-01
1.374285714285714277e-01
1.374285714285714277e-01
1.374285714285714277e-01
1.374285714285714277e-01
1.374285714285714277e-01
1.371428571428571497e-01
1.371428571428571497e-01
1.371428571428571497e-01
1.371428571428571497e-01
1.371428571428571497e-01
1.368571428571428439e-01
1.368571428571428439e-01
1.368571428571428439e-01
1.368571428571428439e-01
1.368571428571428439e-01
1.368571428571428439e-01
1.368571428571428439e-01
1.368571428571428439e-01
1.368571428571428439e-01
1.368571428571428439e-01
1.368571428571428439e-01
1.368571428571428439e-01
1.368571428571428439e-01
1.368571428571428439e-01
1.368571428571428439e-01
1.368571428571428439e-01
1.368571428571428439e-01
1.368571428571428439e-01
1.368571428571428439e-01
1.368571428571428439e-01
1.368571428571428439e-01
1.368571428571428439e-01
1.368571428571428439e-01
1.368571428571428439e-01
1.368571428571428439e-01
1.368571428571428439e-01
1.368571428571428439e-01
1.368571428571428439e-01
1.368571428571428439e-01
1.368571428571428439e-01
1.368571428571428439e-01
1.368571428571428439e-01
1.368571428571428439e-01
1.368571428571428439e-01
1.368571428571428439e-01
1.368571428571428439e-01
1.368571428571428439e-01
1.368571428571428439e-01
1.368571428571428439e-01
1.368571428571428439e-01
1.368571428571428439e-01
1.368571428571428439e-01
1.368571428571428439e-01
1.368571428571428439e-01
1.368571428571428439e-01
1.368571428571428439e-01
1.368571428571428439e-01
1.368571428571428439e-01
1.368571428571428439e-01
1.368571428571428439e-01
1.365714285714285658e-01
1.365714285714285658e-01
1.365714285714285658e-01
1.365714285714285658e-01
1.365714285714285658e-01
1.365714285714285658e-01
1.365714285714285658e-01
1.365714285714285658e-01
1.365714285714285658e-01
1.365714285714285658e-01
1.365714285714285658e-01
1.365714285714285658e-01
1.365714285714285658e-01
1.365714285714285658e-01
1.365714285714285658e-01
1.365714285714285658e-01
1.362857142857142878e-01
1.362857142857142878e-01
1.362857142857142878e-01
1.362857142857142878e-01
1.362857142857142878e-01
1.362857142857142878e-01
1.362857142857142878e-01
1.362857142857142878e-01
1.362857142857142878e-01
1.362857142857142878e-01
1.362857142857142878e-01
1.362857142857142878e-01
1.362857142857142878e-01
1.362857142857142878e-01
1.362857142857142878e-01
1.362857142857142878e-01
1.362857142857142878e-01
1.362857142857142878e-01
1.362857142857142878e-01
1.362857142857142878e-01
1.362857142857142878e-01
1.362857142857142878e-01
1.362857142857142878e-01
1.362857142857142878e-01
1.362857142857142878e-01
1.362857142857142878e-01
1.362857142857142878e-01
1.362857142857142878e-01
1.362857142857142878e-01
1.362857142857142878e-01
1.362857142857142878e-01
1.362857142857142878e-01
1.362857142857142878e-01
1.362857142857142878e-01
1.362857142857142878e-01
1.362857142857142878e-01
1.360000000000000098e-01
1.360000000000000098e-01
1.360000000000000098e-01
1.360000000000000098e-01
1.360000000000000098e-01
1.360000000000000098e-01
1.360000000000000098e-01
1.360000000000000098e-01
1.360000000000000098e-01
1.360000000000000098e-01
1.360000000000000098e-01
1.360000000000000098e-01
1.360000000000000098e-01
1.360000000000000098e-01
1.360000000000000098e-01
1.360000000000000098e-01
1.360000000000000098e-01
1.360000000000000098e-01
1.360000000000000098e-01
1.360000000000000098e-01
1.360000000000000098e-01
1.360000000000000098e-01
1.360000000000000098e-01
1.360000000000000098e-01
1.360000000000000098e-01
1.357142857142857040e-01
1.357142857142857040e-01
1.357142857142857040e-01
1.357142857142857040e-01
1.357142857142857040e-01
1.357142857142857040e-01
1.357142857142857040e-01
1.357142857142857040e-01
1.357142857142857040e-01
1.357142857142857040e-01
1.357142857142857040e-01
1.357142857142857040e-01
1.357142857142857040e-01
1.357142857142857040e-01
1.357142857142857040e-01
1.354285714285714259e-01
1.354285714285714259e-01
1.354285714285714259e-01
1.354285714285714259e-01
1.354285714285714259e-01
1.354285714285714259e-01
1.354285714285714259e-01
1.354285714285714259e-01
1.354285714285714259e-01
1.354285714285714259e-01
1.354285714285714259e-01
1.354285714285714259e-01
1.354285714285714259e-01
1.354285714285714259e-01
1.354285714285714259e-01
1.354285714285714259e-01
1.354285714285714259e-01
1.354285714285714259e-01
1.354285714285714259e-01
1.351428571428571479e-01
1.351428571428571479e-01
1.351428571428571479e-01
1.351428571428571479e-01
1.351428571428571479e-01
1.351428571428571479e-01
1.351428571428571479e-01
1.351428571428571479e-01
1.351428571428571479e-01
1.351428571428571479e-01
1.351428571428571479e-01
1.351428571428571479e-01
1.351428571428571479e-01
1.351428571428571479e-01
1.351428571428571479e-01
1.351428571428571479e-01
1.351428571428571479e-01
1.351428571428571479e-01
1.351428571428571479e-01
1.351428571428571479e-01
1.351428571428571479e-01
1.351428571428571479e-01
1.351428571428571479e-01
1.351428571428571479e-01
1.351428571428571479e-01
1.351428571428571479e-01
1.351428571428571479e-01
1.351428571428571479e-01
1.351428571428571479e-01
1.348571428571428699e-01
1.348571428571428699e-01
1.348571428571428699e-01
1.348571428571428699e-01
1.348571428571428699e-01
1.348571428571428699e-01
1.348571428571428699e-01
1.345714285714285641e-01
1.345714285714285641e-01
1.345714285714285641e-01
1.345714285714285641e-01
1.345714285714285641e-01
1.345714285714285641e-01
1.345714285714285641e-01
1.345714285714285641e-01
1.345714285714285641e-01
1.345714285714285641e-01
1.345714285714285641e-01
1.345714285714285641e-01
1.345714285714285641e-01
1.345714285714285641e-01
1.345714285714285641e-01
1.345714285714285641e-01
1.345714285714285641e-01
1.345714285714285641e-01
1.345714285714285641e-01
1.345714285714285641e-01
1.345714285714285641e-01
1.345714285714285641e-01
1.345714285714285641e-01
1.345714285714285641e-01
1.345714285714285641e-01
1.345714285714285641e-01
1.345714285714285641e-01
1.345714285714285641e-01
1.345714285714285641e-01
1.345714285714285641e-01
1.345714285714285641e-01
1.345714285714285641e-01
1.345714285714285641e-01
1.345714285714285641e-01
1.345714285714285641e-01
1.345714285714285641e-01
1.345714285714285641e-01
1.345714285714285641e-01
1.345714285714285641e-01
1.345714285714285641e-01
1.345714285714285641e-01
1.345714285714285641e-01
1.345714285714285641e-01
1.342857142857142860e-01
1.342857142857142860e-01
1.342857142857142860e-01
1.342857142857142860e-01
1.342857142857142860e-01
1.342857142857142860e-01
1.342857142857142860e-01
1.342857142857142860e-01
1.342857142857142860e-01
1.342857142857142860e-01
1.342857142857142860e-01
1.342857142857142860e-01
1.342857142857142860e-01
1.342857142857142860e-01
1.342857142857142860e-01
1.342857142857142860e-01
1.342857142857142860e-01
1.342857142857142860e-01
1.342857142857142860e-01
1.342857142857142860e-01
1.342857142857142860e-01
1.342857142857142860e-01
1.342857142857142860e-01
1.342857142857142860e-01
1.342857142857142860e-01
1.342857142857142860e-01
1.342857142857142860e-01
1.342857142857142860e-01
1.342857142857142860e-01
1.342857142857142860e-01
1.340000000000000080e-01
1.340000000000000080e-01
1.340000000000000080e-01
1.340000000000000080e-01
1.340000000000000080e-01
1.340000000000000080e-01
1.340000000000000080e-01
1.340000000000000080e-01
1.340000000000000080e-01
1.340000000000000080e-01
1.340000000000000080e-01
1.340000000000000080e-01
1.340000000000000080e-01
1.340000000000000080e-01
1.340000000000000080e-01
1.340000000000000080e-01
1.340000000000000080e-01
1.340000000000000080e-01
1.340000000000000080e-01
1.340000000000000080e-01
1.340000000000000080e-01
1.340000000000000080e-01
1.340000000000000080e-01
1.340000000000000080e-01
1.340000000000000080e-01
1.340000000000000080e-01
1.340000000000000080e-01
1.340000000000000080e-01
1.340000000000000080e-01
1.340000000000000080e-01
1.340000000000000080e-01
1.340000000000000080e-01
1.340000000000000080e-01
1.340000000000000080e-01
1.340000000000000080e-01
1.340000000000000080e-01
1.340000000000000080e-01
1.340000000000000080e-01
1.340000000000000080e-01
1.340000000000000080e-01
1.340000000000000080e-01
1.340000000000000080e-01
1.340000000000000080e-01
1.340000000000000080e-01
1.340000000000000080e-01
1.340000000000000080e-01
1.340000000000000080e-01
1.340000000000000080e-01
1.340000000000000080e-01
1.340000000000000080e-01
1.340000000000000080e-01
1.340000000000000080e-01
1.340000000000000080e-01
1.337142857142857022e-01
1.337142857142857022e-01
1.337142857142857022e-01
1.337142857142857022e-01
1.337142857142857022e-01
1.337142857142857022e-01
1.337142857142857022e-01
1.337142857142857022e-01
1.337142857142857022e-01
1.337142857142857022e-01
1.337142857142857022e-01
1.337142857142857022e-01
1.337142857142857022e-01
1.337142857142857022e-01
1.337142857142857022e-01
1.337142857142857022e-01
1.334285714285714242e-01
1.334285714285714242e-01
1.334285714285714242e-01
1.334285714285714242e-01
1.334285714285714242e-01
1.334285714285714242e-01
1.334285714285714242e-01
1.334285714285714242e-01
1.334285714285714242e-01
1.334285714285714242e-01
1.334285714285714242e-01
1.334285714285714242e-01
1.334285714285714242e-01
1.334285714285714242e-01
1.334285714285714242e-01
1.334285714285714242e-01
1.334285714285714242e-01
1.334285714285714242e-01
1.334285714285714242e-01
1.334285714285714242e-01
1.334285714285714242e-01
1.334285714285714242e-01
1.334285714285714242e-01
1.334285714285714242e-01
1.334285714285714242e-01
1.334285714285714242e-01
1.334285714285714242e-01
1.334285714285714242e-01
1.334285714285714242e-01
1.334285714285714242e-01
1.334285714285714242e-01
1.334285714285714242e-01
1.334285714285714242e-01
1.334285714285714242e-01
1.334285714285714242e-01
1.334285714285714242e-01
1.334285714285714242e-01
1.334285714285714242e-01
1.334285714285714242e-01
1.334285714285714242e-01
1.334285714285714242e-01
1.334285714285714242e-01
1.334285714285714242e-01
1.334285714285714242e-01
1.331428571428571461e-01
1.331428571428571461e-01
1.331428571428571461e-01
1.331428571428571461e-01
1.331428571428571461e-01
1.331428571428571461e-01
1.331428571428571461e-01
1.331428571428571461e-01
1.331428571428571461e-01
1.331428571428571461e-01
1.331428571428571461e-01
1.331428571428571461e-01
1.331428571428571461e-01
1.331428571428571461e-01
1.331428571428571461e-01
1.331428571428571461e-01
1.331428571428571461e-01
1.331428571428571461e-01
1.331428571428571461e-01
1.331428571428571461e-01
1.331428571428571461e-01
1.331428571428571461e-01
1.331428571428571461e-01
1.331428571428571461e-01
1.331428571428571461e-01
1.331428571428571461e-01
1.331428571428571461e-01
1.331428571428571461e-01
1.331428571428571461e-01
1.331428571428571461e-01
1.328571428571428681e-01
1.328571428571428681e-01
1.328571428571428681e-01
1.328571428571428681e-01
1.328571428571428681e-01
1.328571428571428681e-01
1.328571428571428681e-01
1.328571428571428681e-01
1.328571428571428681e-01
1.328571428571428681e-01
1.328571428571428681e-01
1.328571428571428681e-01
1.328571428571428681e-01
1.328571428571428681e-01
1.328571428571428681e-01
1.328571428571428681e-01
1.328571428571428681e-01
1.328571428571428681e-01
1.328571428571428681e-01
1.328571428571428681e-01
1.328571428571428681e-01
1.328571428571428681e-01
1.328571428571428681e-01
1.328571428571428681e-01
1.328571428571428681e-01
1.328571428571428681e-01
1.328571428571428681e-01
1.328571428571428681e-01
1.328571428571428681e-01
1.328571428571428681e-01
1.328571428571428681e-01
1.328571428571428681e-01
1.328571428571428681e-01
1.328571428571428681e-01
1.328571428571428681e-01
1.328571428571428681e-01
1.328571428571428681e-01
1.328571428571428681e-01
1.328571428571428681e-01
1.328571428571428681e-01
1.328571428571428681e-01
1.328571428571428681e-01
1.328571428571428681e-01
1.328571428571428681e-01
1.328571428571428681e-01
1.328571428571428681e-01
1.328571428571428681e-01
1.328571428571428681e-01
1.328571428571428681e-01
1.328571428571428681e-01
1.328571428571428681e-01
1.328571428571428681e-01
1.328571428571428681e-01
1.328571428571428681e-01
1.328571428571428681e-01
1.328571428571428681e-01
1.328571428571428681e-01
1.328571428571428681e-01
1.328571428571428681e-01
1.328571428571428681e-01
1.328571428571428681e-01
1.328571428571428681e-01
1.328571428571428681e-01
1.328571428571428681e-01
1.328571428571428681e-01
1.328571428571428681e-01
1.325714285714285623e-01
1.325714285714285623e-01
1.325714285714285623e-01
1.325714285714285623e-01
1.325714285714285623e-01
1.325714285714285623e-01
1.325714285714285623e-01
1.325714285714285623e-01
1.325714285714285623e-01
1.325714285714285623e-01
1.325714285714285623e-01
1.325714285714285623e-01
1.325714285714285623e-01
1.325714285714285623e-01
1.325714285714285623e-01
1.325714285714285623e-01
1.325714285714285623e-01
1.325714285714285623e-01
1.325714285714285623e-01
1.325714285714285623e-01
1.325714285714285623e-01
1.325714285714285623e-01
1.325714285714285623e-01
1.325714285714285623e-01
1.325714285714285623e-01
1.325714285714285623e-01
1.325714285714285623e-01
1.325714285714285623e-01
1.325714285714285623e-01
1.320000000000000062e-01
1.320000000000000062e-01
1.320000000000000062e-01
1.320000000000000062e-01
1.320000000000000062e-01
1.320000000000000062e-01
1.320000000000000062e-01
1.320000000000000062e-01
1.320000000000000062e-01
1.320000000000000062e-01
1.320000000000000062e-01
1.320000000000000062e-01
1.320000000000000062e-01
1.320000000000000062e-01
1.320000000000000062e-01
1.320000000000000062e-01
1.320000000000000062e-01
1.320000000000000062e-01
1.320000000000000062e-01
1.320000000000000062e-01
1.320000000000000062e-01
1.320000000000000062e-01
1.320000000000000062e-01
1.320000000000000062e-01
1.320000000000000062e-01
1.320000000000000062e-01
1.320000000000000062e-01
1.320000000000000062e-01
1.320000000000000062e-01
1.320000000000000062e-01
1.320000000000000062e-01
1.320000000000000062e-01
1.320000000000000062e-01
1.320000000000000062e-01
1.320000000000000062e-01
1.320000000000000062e-01
1.320000000000000062e-01
1.320000000000000062e-01
1.320000000000000062e-01
1.320000000000000062e-01
1.320000000000000062e-01
1.320000000000000062e-01
1.320000000000000062e-01
1.320000000000000062e-01
1.320000000000000062e-01
1.320000000000000062e-01
1.320000000000000062e-01
1.320000000000000062e-01
1.320000000000000062e-01
1.320000000000000062e-01
1.320000000000000062e-01
1.320000000000000062e-01
1.320000000000000062e-01
1.320000000000000062e-01
1.320000000000000062e-01
1.320000000000000062e-01
1.320000000000000062e-01
1.320000000000000062e-01
1.320000000000000062e-01
1.320000000000000062e-01
1.320000000000000062e-01
1.320000000000000062e-01
1.320000000000000062e-01
1.320000000000000062e-01
1.320000000000000062e-01
1.320000000000000062e-01
1.320000000000000062e-01
1.320000000000000062e-01
1.320000000000000062e-01
1.320000000000000062e-01
1.320000000000000062e-01
1.320000000000000062e-01
1.320000000000000062e-01
1.320000000000000062e-01
1.320000000000000062e-01
1.320000000000000062e-01
1.320000000000000062e-01
1.320000000000000062e-01
1.320000000000000062e-01
1.320000000000000062e-01
1.320000000000000062e-01
1.320000000000000062e-01
1.320000000000000062e-01
1.320000000000000062e-01
1.320000000000000062e-01
1.320000000000000062e-01
1.320000000000000062e-01
1.320000000000000062e-01
1.320000000000000062e-01
1.320000000000000062e-01
1.320000000000000062e-01
1.320000000000000062e-01
1.320000000000000062e-01
1.320000000000000062e-01
1.320000000000000062e-01
1.320000000000000062e-01
1.320000000000000062e-01
1.320000000000000062e-01
1.320000000000000062e-01
1.320000000000000062e-01
1.320000000000000062e-01
1.320000000000000062e-01
1.320000000000000062e-01
1.320000000000000062e-01
1.320000000000000062e-01
1.320000000000000062e-01
1.320000000000000062e-01
1.320000000000000062e-01
1.320000000000000062e-01
1.320000000000000062e-01
1.320000000000000062e-01
1.320000000000000062e-01
1.320000000000000062e-01
1.320000000000000062e-01
1.320000000000000062e-01
1.320000000000000062e-01
1.320000000000000062e-01
1.320000000000000062e-01
1.320000000000000062e-01
1.320000000000000062e-01
1.320000000000000062e-01
1.320000000000000062e-01
1.320000000000000062e-01
1.320000000000000062e-01
1.320000000000000062e-01
1.320000000000000062e-01
1.320000000000000062e-01
1.320000000000000062e-01
1.320000000000000062e-01
1.320000000000000062e-01
1.320000000000000062e-01
1.320000000000000062e-01
1.320000000000000062e-01
1.320000000000000062e-01
1.320000000000000062e-01
1.320000000000000062e-01
1.320000000000000062e-01
1.320000000000000062e-01
1.320000000000000062e-01
1.320000000000000062e-01
1.320000000000000062e-01
1.317142857142857004e-01
1.317142857142857004e-01
1.317142857142857004e-01
1.317142857142857004e-01
1.317142857142857004e-01
1.317142857142857004e-01
1.317142857142857004e-01
1.317142857142857004e-01
1.317142857142857004e-01
1.317142857142857004e-01
1.317142857142857004e-01
1.317142857142857004e-01
1.314285714285714224e-01
1.314285714285714224e-01
1.314285714285714224e-01
1.314285714285714224e-01
1.314285714285714224e-01
1.314285714285714224e-01
1.314285714285714224e-01
1.314285714285714224e-01
1.314285714285714224e-01
1.314285714285714224e-01
1.314285714285714224e-01
1.314285714285714224e-01
1.314285714285714224e-01
1.314285714285714224e-01
1.314285714285714224e-01
1.314285714285714224e-01
1.314285714285714224e-01
1.314285714285714224e-01
1.311428571428571443e-01
1.311428571428571443e-01
1.311428571428571443e-01
1.311428571428571443e-01
1.311428571428571443e-01
1.311428571428571443e-01
1.311428571428571443e-01
1.311428571428571443e-01
1.311428571428571443e-01
1.311428571428571443e-01
1.311428571428571443e-01
1.311428571428571443e-01
1.311428571428571443e-01
1.311428571428571443e-01
1.311428571428571443e-01
1.311428571428571443e-01
1.311428571428571443e-01
1.311428571428571443e-01
1.311428571428571443e-01
1.311428571428571443e-01
1.311428571428571443e-01
1.311428571428571443e-01
1.311428571428571443e-01
1.311428571428571443e-01
1.311428571428571443e-01
1.311428571428571443e-01
1.311428571428571443e-01
1.311428571428571443e-01
1.311428571428571443e-01
1.311428571428571443e-01
1.311428571428571443e-01
1.311428571428571443e-01
1.311428571428571443e-01
1.311428571428571443e-01
1.311428571428571443e-01
1.311428571428571443e-01
1.311428571428571443e-01
1.311428571428571443e-01
1.311428571428571443e-01
1.311428571428571443e-01
1.311428571428571443e-01
1.311428571428571443e-01
1.311428571428571443e-01
1.311428571428571443e-01
1.311428571428571443e-01
1.311428571428571443e-01
1.311428571428571443e-01
1.311428571428571443e-01
1.311428571428571443e-01
1.311428571428571443e-01
1.311428571428571443e-01
1.311428571428571443e-01
1.311428571428571443e-01
1.311428571428571443e-01
1.311428571428571443e-01
1.311428571428571443e-01
1.311428571428571443e-01
1.311428571428571443e-01
1.311428571428571443e-01
1.311428571428571443e-01
1.311428571428571443e-01
1.311428571428571443e-01
1.311428571428571443e-01
1.311428571428571443e-01
1.311428571428571443e-01
1.311428571428571443e-01
1.311428571428571443e-01
1.311428571428571443e-01
1.311428571428571443e-01
1.311428571428571443e-01
1.311428571428571443e-01
1.311428571428571443e-01
1.311428571428571443e-01
1.311428571428571443e-01
1.311428571428571443e-01
1.311428571428571443e-01
1.311428571428571443e-01
1.311428571428571443e-01
1.311428571428571443e-01
1.311428571428571443e-01
1.308571428571428663e-01
1.308571428571428663e-01
1.308571428571428663e-01
1.308571428571428663e-01
1.305714285714285605e-01
1.305714285714285605e-01
1.305714285714285605e-01
1.305714285714285605e-01
1.305714285714285605e-01
1.305714285714285605e-01
1.305714285714285605e-01
1.305714285714285605e-01
1.305714285714285605e-01
1.305714285714285605e-01
1.305714285714285605e-01
1.305714285714285605e-01
1.305714285714285605e-01
1.305714285714285605e-01
1.305714285714285605e-01
1.305714285714285605e-01
1.305714285714285605e-01
1.305714285714285605e-01
1.305714285714285605e-01
1.305714285714285605e-01
1.302857142857142825e-01
1.302857142857142825e-01
1.302857142857142825e-01
1.302857142857142825e-01
1.302857142857142825e-01
1.302857142857142825e-01
1.302857142857142825e-01
1.302857142857142825e-01
1.302857142857142825e-01
1.302857142857142825e-01
1.302857142857142825e-01
1.302857142857142825e-01
1.302857142857142825e-01
1.302857142857142825e-01
1.302857142857142825e-01
1.302857142857142825e-01
1.302857142857142825e-01
1.300000000000000044e-01
1.300000000000000044e-01
1.300000000000000044e-01
1.300000000000000044e-01
1.300000000000000044e-01
1.300000000000000044e-01
1.300000000000000044e-01
1.300000000000000044e-01
1.300000000000000044e-01
1.300000000000000044e-01
1.300000000000000044e-01
1.300000000000000044e-01
1.300000000000000044e-01
1.300000000000000044e-01
1.300000000000000044e-01
1.300000000000000044e-01
1.300000000000000044e-01
1.300000000000000044e-01
1.300000000000000044e-01
1.300000000000000044e-01
1.300000000000000044e-01
1.300000000000000044e-01
1.300000000000000044e-01
1.300000000000000044e-01
1.300000000000000044e-01
1.300000000000000044e-01
1.300000000000000044e-01
1.300000000000000044e-01
1.300000000000000044e-01
1.300000000000000044e-01
1.300000000000000044e-01
1.300000000000000044e-01
1.300000000000000044e-01
1.300000000000000044e-01
1.300000000000000044e-01
1.300000000000000044e-01
1.300000000000000044e-01
1.300000000000000044e-01
1.300000000000000044e-01
1.297142857142857264e-01
1.297142857142857264e-01
1.297142857142857264e-01
1.297142857142857264e-01
1.297142857142857264e-01
1.297142857142857264e-01
1.297142857142857264e-01
1.297142857142857264e-01
1.297142857142857264e-01
1.297142857142857264e-01
1.297142857142857264e-01
1.297142857142857264e-01
1.297142857142857264e-01
1.297142857142857264e-01
1.297142857142857264e-01
1.297142857142857264e-01
1.297142857142857264e-01
1.297142857142857264e-01
1.297142857142857264e-01
1.297142857142857264e-01
1.297142857142857264e-01
1.297142857142857264e-01
1.297142857142857264e-01
1.297142857142857264e-01
1.297142857142857264e-01
1.297142857142857264e-01
1.297142857142857264e-01
1.297142857142857264e-01
1.297142857142857264e-01
1.297142857142857264e-01
1.297142857142857264e-01
1.297142857142857264e-01
1.297142857142857264e-01
1.297142857142857264e-01
1.297142857142857264e-01
1.297142857142857264e-01
1.297142857142857264e-01
1.297142857142857264e-01
1.297142857142857264e-01
1.297142857142857264e-01
1.297142857142857264e-01
1.297142857142857264e-01
1.297142857142857264e-01
1.297142857142857264e-01
1.297142857142857264e-01
1.297142857142857264e-01
1.294285714285714206e-01
1.294285714285714206e-01
1.294285714285714206e-01
1.294285714285714206e-01
1.294285714285714206e-01
1.294285714285714206e-01
1.294285714285714206e-01
1.294285714285714206e-01
1.294285714285714206e-01
1.294285714285714206e-01
1.294285714285714206e-01
1.294285714285714206e-01
1.291428571428571426e-01
1.291428571428571426e-01
1.291428571428571426e-01
1.291428571428571426e-01
1.291428571428571426e-01
1.291428571428571426e-01
1.291428571428571426e-01
1.291428571428571426e-01
1.291428571428571426e-01
1.291428571428571426e-01
1.291428571428571426e-01
1.291428571428571426e-01
1.291428571428571426e-01
1.291428571428571426e-01
1.291428571428571426e-01
1.291428571428571426e-01
1.291428571428571426e-01
1.291428571428571426e-01
1.291428571428571426e-01
1.291428571428571426e-01
1.291428571428571426e-01
1.291428571428571426e-01
1.291428571428571426e-01
1.291428571428571426e-01
1.291428571428571426e-01
1.291428571428571426e-01
1.291428571428571426e-01
1.291428571428571426e-01
1.291428571428571426e-01
1.291428571428571426e-01
1.288571428571428645e-01
1.288571428571428645e-01
1.285714285714285587e-01
1.285714285714285587e-01
1.285714285714285587e-01
1.285714285714285587e-01
1.285714285714285587e-01
1.285714285714285587e-01
1.285714285714285587e-01
1.285714285714285587e-01
1.285714285714285587e-01
1.285714285714285587e-01
1.285714285714285587e-01
1.285714285714285587e-01
1.285714285714285587e-01
1.285714285714285587e-01
1.285714285714285587e-01
1.285714285714285587e-01
1.285714285714285587e-01
1.285714285714285587e-01
1.285714285714285587e-01
1.285714285714285587e-01
1.285714285714285587e-01
1.285714285714285587e-01
1.285714285714285587e-01
1.285714285714285587e-01
1.285714285714285587e-01
1.285714285714285587e-01
1.285714285714285587e-01
1.285714285714285587e-01
1.285714285714285587e-01
1.285714285714285587e-01
1.285714285714285587e-01
1.285714285714285587e-01
1.285714285714285587e-01
1.285714285714285587e-01
1.285714285714285587e-01
1.285714285714285587e-01
1.285714285714285587e-01
1.285714285714285587e-01
1.285714285714285587e-01
1.285714285714285587e-01
1.285714285714285587e-01
1.285714285714285587e-01
1.285714285714285587e-01
1.285714285714285587e-01
1.285714285714285587e-01
1.285714285714285587e-01
1.285714285714285587e-01
1.285714285714285587e-01
1.285714285714285587e-01
1.282857142857142807e-01
1.282857142857142807e-01
1.282857142857142807e-01
1.282857142857142807e-01
1.282857142857142807e-01
1.282857142857142807e-01
1.282857142857142807e-01
1.282857142857142807e-01
1.282857142857142807e-01
1.282857142857142807e-01
1.280000000000000027e-01
1.280000000000000027e-01
1.280000000000000027e-01
1.280000000000000027e-01
1.280000000000000027e-01
1.280000000000000027e-01
1.280000000000000027e-01
1.280000000000000027e-01
1.280000000000000027e-01
1.280000000000000027e-01
1.280000000000000027e-01
1.280000000000000027e-01
1.280000000000000027e-01
1.280000000000000027e-01
1.280000000000000027e-01
1.280000000000000027e-01
1.280000000000000027e-01
1.280000000000000027e-01
1.280000000000000027e-01
1.280000000000000027e-01
1.280000000000000027e-01
1.280000000000000027e-01
1.280000000000000027e-01
1.280000000000000027e-01
1.280000000000000027e-01
1.280000000000000027e-01
1.280000000000000027e-01
1.280000000000000027e-01
1.280000000000000027e-01
1.280000000000000027e-01
1.280000000000000027e-01
1.280000000000000027e-01
1.280000000000000027e-01
1.280000000000000027e-01
1.280000000000000027e-01
1.280000000000000027e-01
1.280000000000000027e-01
1.280000000000000027e-01
1.280000000000000027e-01
1.280000000000000027e-01
1.280000000000000027e-01
1.280000000000000027e-01
1.280000000000000027e-01
1.280000000000000027e-01
1.280000000000000027e-01
1.280000000000000027e-01
1.280000000000000027e-01
1.280000000000000027e-01
1.280000000000000027e-01
1.280000000000000027e-01
1.280000000000000027e-01
1.280000000000000027e-01
1.280000000000000027e-01
1.277142857142857246e-01
1.277142857142857246e-01
1.277142857142857246e-01
1.277142857142857246e-01
1.277142857142857246e-01
1.277142857142857246e-01
1.277142857142857246e-01
1.277142857142857246e-01
1.277142857142857246e-01
1.277142857142857246e-01
1.277142857142857246e-01
1.277142857142857246e-01
1.277142857142857246e-01
1.277142857142857246e-01
1.277142857142857246e-01
1.277142857142857246e-01
1.274285714285714188e-01
1.274285714285714188e-01
1.274285714285714188e-01
1.274285714285714188e-01
1.274285714285714188e-01
1.274285714285714188e-01
1.274285714285714188e-01
1.274285714285714188e-01
1.274285714285714188e-01
1.274285714285714188e-01
1.274285714285714188e-01
1.274285714285714188e-01
1.274285714285714188e-01
