8.502857142857143113e-01
8.502857142857143113e-01
8.502857142857143113e-01
8.502857142857143113e-01
8.502857142857143113e-01
8.502857142857143113e-01
8.502857142857143113e-01
8.502857142857143113e-01
8.502857142857143113e-01
8.502857142857143113e-01
8.502857142857143113e-01
8.502857142857143113e-01
8.502857142857143113e-01
8.502857142857143113e-01
8.502857142857143113e-01
8.499999999999999778e-01
8.499999999999999778e-01
8.499999999999999778e-01
8.499999999999999778e-01
8.499999999999999778e-01
8.499999999999999778e-01
8.499999999999999778e-01
8.499999999999999778e-01
8.499999999999999778e-01
8.499999999999999778e-01
8.499999999999999778e-01
8.499999999999999778e-01
8.499999999999999778e-01
8.499999999999999778e-01
8.499999999999999778e-01
8.499999999999999778e-01
8.499999999999999778e-01
8.499999999999999778e-01
8.499999999999999778e-01
8.499999999999999778e-01
8.499999999999999778e-01
8.499999999999999778e-01
8.499999999999999778e-01
8.499999999999999778e-01
8.499999999999999778e-01
8.499999999999999778e-01
8.499999999999999778e-01
8.499999999999999778e-01
8.499999999999999778e-01
8.499999999999999778e-01
8.499999999999999778e-01
8.499999999999999778e-01
8.499999999999999778e-01
8.499999999999999778e-01
8.499999999999999778e-01
8.499999999999999778e-01
8.499999999999999778e-01
8.497142857142857553e-01
8.497142857142857553e-01
8.497142857142857553e-01
8.494285714285714217e-01
8.494285714285714217e-01
8.494285714285714217e-01
8.494285714285714217e-01
8.494285714285714217e-01
8.494285714285714217e-01
8.494285714285714217e-01
8.494285714285714217e-01
8.494285714285714217e-01
8.494285714285714217e-01
8.494285714285714217e-01
8.494285714285714217e-01
8.494285714285714217e-01
8.494285714285714217e-01
8.494285714285714217e-01
8.494285714285714217e-01
8.494285714285714217e-01
8.494285714285714217e-01
8.494285714285714217e-01
8.494285714285714217e-01
8.494285714285714217e-01
8.494285714285714217e-01
8.494285714285714217e-01
8.494285714285714217e-01
8.491428571428570882e-01
8.491428571428570882e-01
8.491428571428570882e-01
8.491428571428570882e-01
8.491428571428570882e-01
8.491428571428570882e-01
8.491428571428570882e-01
8.491428571428570882e-01
8.491428571428570882e-01
8.491428571428570882e-01
8.491428571428570882e-01
8.491428571428570882e-01
8.491428571428570882e-01
8.491428571428570882e-01
8.482857142857143096e-01
8.482857142857143096e-01
8.482857142857143096e-01
8.482857142857143096e-01
8.482857142857143096e-01
8.482857142857143096e-01
8.482857142857143096e-01
8.482857142857143096e-01
8.482857142857143096e-01
8.482857142857143096e-01
8.482857142857143096e-01
8.479999999999999760e-01
8.479999999999999760e-01
8.479999999999999760e-01
8.479999999999999760e-01
8.479999999999999760e-01
8.479999999999999760e-01
8.479999999999999760e-01
8.479999999999999760e-01
8.479999999999999760e-01
8.479999999999999760e-01
8.479999999999999760e-01
8.479999999999999760e-01
8.479999999999999760e-01
8.479999999999999760e-01
8.479999999999999760e-01
8.479999999999999760e-01
8.479999999999999760e-01
8.479999999999999760e-01
8.479999999999999760e-01
8.479999999999999760e-01
8.479999999999999760e-01
8.479999999999999760e-01
8.479999999999999760e-01
8.479999999999999760e-01
8.479999999999999760e-01
8.479999999999999760e-01
8.479999999999999760e-01
8.479999999999999760e-01
8.479999999999999760e-01
8.479999999999999760e-01
8.479999999999999760e-01
8.479999999999999760e-01
8.477142857142857535e-01
8.474285714285714199e-01
8.474285714285714199e-01
8.474285714285714199e-01
8.471428571428571974e-01
8.471428571428571974e-01
8.468571428571428639e-01
8.468571428571428639e-01
8.468571428571428639e-01
8.468571428571428639e-01
8.468571428571428639e-01
8.468571428571428639e-01
8.468571428571428639e-01
8.468571428571428639e-01
8.468571428571428639e-01
8.468571428571428639e-01
8.468571428571428639e-01
8.465714285714285303e-01
8.465714285714285303e-01
8.465714285714285303e-01
8.465714285714285303e-01
8.465714285714285303e-01
8.465714285714285303e-01
8.462857142857143078e-01
8.462857142857143078e-01
8.462857142857143078e-01
8.462857142857143078e-01
8.462857142857143078e-01
8.462857142857143078e-01
8.459999999999999742e-01
8.459999999999999742e-01
8.459999999999999742e-01
8.459999999999999742e-01
8.459999999999999742e-01
8.459999999999999742e-01
8.459999999999999742e-01
8.459999999999999742e-01
8.459999999999999742e-01
8.459999999999999742e-01
8.459999999999999742e-01
8.459999999999999742e-01
8.459999999999999742e-01
8.459999999999999742e-01
8.459999999999999742e-01
8.459999999999999742e-01
8.459999999999999742e-01
8.459999999999999742e-01
8.459999999999999742e-01
8.459999999999999742e-01
8.459999999999999742e-01
8.459999999999999742e-01
8.459999999999999742e-01
8.459999999999999742e-01
8.459999999999999742e-01
8.459999999999999742e-01
8.457142857142857517e-01
8.457142857142857517e-01
8.457142857142857517e-01
8.457142857142857517e-01
8.457142857142857517e-01
8.454285714285714182e-01
8.451428571428571956e-01
8.451428571428571956e-01
8.451428571428571956e-01
8.451428571428571956e-01
8.451428571428571956e-01
8.451428571428571956e-01
8.451428571428571956e-01
8.451428571428571956e-01
8.451428571428571956e-01
8.451428571428571956e-01
8.451428571428571956e-01
8.451428571428571956e-01
8.451428571428571956e-01
8.451428571428571956e-01
8.451428571428571956e-01
8.451428571428571956e-01
8.451428571428571956e-01
8.451428571428571956e-01
8.451428571428571956e-01
8.451428571428571956e-01
8.451428571428571956e-01
8.451428571428571956e-01
8.451428571428571956e-01
8.451428571428571956e-01
8.451428571428571956e-01
8.451428571428571956e-01
8.451428571428571956e-01
8.451428571428571956e-01
8.451428571428571956e-01
8.451428571428571956e-01
8.451428571428571956e-01
8.451428571428571956e-01
8.451428571428571956e-01
8.451428571428571956e-01
8.451428571428571956e-01
8.451428571428571956e-01
8.451428571428571956e-01
8.451428571428571956e-01
8.451428571428571956e-01
8.451428571428571956e-01
8.451428571428571956e-01
8.451428571428571956e-01
8.448571428571428621e-01
8.448571428571428621e-01
8.448571428571428621e-01
8.448571428571428621e-01
8.448571428571428621e-01
8.445714285714285285e-01
8.445714285714285285e-01
8.445714285714285285e-01
8.445714285714285285e-01
8.445714285714285285e-01
8.442857142857143060e-01
8.442857142857143060e-01
8.442857142857143060e-01
8.442857142857143060e-01
8.442857142857143060e-01
8.442857142857143060e-01
8.442857142857143060e-01
8.442857142857143060e-01
8.442857142857143060e-01
8.442857142857143060e-01
8.442857142857143060e-01
8.442857142857143060e-01
8.442857142857143060e-01
8.442857142857143060e-01
8.442857142857143060e-01
8.442857142857143060e-01
8.442857142857143060e-01
8.442857142857143060e-01
8.442857142857143060e-01
8.442857142857143060e-01
8.442857142857143060e-01
8.442857142857143060e-01
8.442857142857143060e-01
8.439999999999999725e-01
8.439999999999999725e-01
8.439999999999999725e-01
8.439999999999999725e-01
8.439999999999999725e-01
8.439999999999999725e-01
8.439999999999999725e-01
8.439999999999999725e-01
8.439999999999999725e-01
8.439999999999999725e-01
8.439999999999999725e-01
8.439999999999999725e-01
8.439999999999999725e-01
8.439999999999999725e-01
8.439999999999999725e-01
8.439999999999999725e-01
8.437142857142857499e-01
8.437142857142857499e-01
8.437142857142857499e-01
8.437142857142857499e-01
8.437142857142857499e-01
8.437142857142857499e-01
8.437142857142857499e-01
8.437142857142857499e-01
8.437142857142857499e-01
8.437142857142857499e-01
8.437142857142857499e-01
8.437142857142857499e-01
8.437142857142857499e-01
8.437142857142857499e-01
8.437142857142857499e-01
8.437142857142857499e-01
8.437142857142857499e-01
8.437142857142857499e-01
8.437142857142857499e-01
8.437142857142857499e-01
8.437142857142857499e-01
8.437142857142857499e-01
8.434285714285714164e-01
8.434285714285714164e-01
8.434285714285714164e-01
8.434285714285714164e-01
8.434285714285714164e-01
8.434285714285714164e-01
8.434285714285714164e-01
8.434285714285714164e-01
8.431428571428571939e-01
8.431428571428571939e-01
8.431428571428571939e-01
8.431428571428571939e-01
8.431428571428571939e-01
8.431428571428571939e-01
8.431428571428571939e-01
8.431428571428571939e-01
8.431428571428571939e-01
8.431428571428571939e-01
8.431428571428571939e-01
8.431428571428571939e-01
8.431428571428571939e-01
8.431428571428571939e-01
8.431428571428571939e-01
8.431428571428571939e-01
8.431428571428571939e-01
8.431428571428571939e-01
8.431428571428571939e-01
8.431428571428571939e-01
8.431428571428571939e-01
8.431428571428571939e-01
8.431428571428571939e-01
8.431428571428571939e-01
8.431428571428571939e-01
8.431428571428571939e-01
8.431428571428571939e-01
8.431428571428571939e-01
8.431428571428571939e-01
8.431428571428571939e-01
8.431428571428571939e-01
8.428571428571428603e-01
8.428571428571428603e-01
8.428571428571428603e-01
8.428571428571428603e-01
8.428571428571428603e-01
8.428571428571428603e-01
8.428571428571428603e-01
8.428571428571428603e-01
8.428571428571428603e-01
8.428571428571428603e-01
8.428571428571428603e-01
8.428571428571428603e-01
8.428571428571428603e-01
8.428571428571428603e-01
8.428571428571428603e-01
8.428571428571428603e-01
8.428571428571428603e-01
8.428571428571428603e-01
8.428571428571428603e-01
8.428571428571428603e-01
8.428571428571428603e-01
8.428571428571428603e-01
8.428571428571428603e-01
8.428571428571428603e-01
8.428571428571428603e-01
8.428571428571428603e-01
8.428571428571428603e-01
8.428571428571428603e-01
8.428571428571428603e-01
8.428571428571428603e-01
8.428571428571428603e-01
8.428571428571428603e-01
8.428571428571428603e-01
8.428571428571428603e-01
8.428571428571428603e-01
8.428571428571428603e-01
8.428571428571428603e-01
8.425714285714285268e-01
8.425714285714285268e-01
8.425714285714285268e-01
8.422857142857143042e-01
8.422857142857143042e-01
8.422857142857143042e-01
8.422857142857143042e-01
8.422857142857143042e-01
8.422857142857143042e-01
8.422857142857143042e-01
8.422857142857143042e-01
8.422857142857143042e-01
8.422857142857143042e-01
8.422857142857143042e-01
8.422857142857143042e-01
8.422857142857143042e-01
8.422857142857143042e-01
8.422857142857143042e-01
8.422857142857143042e-01
8.422857142857143042e-01
8.422857142857143042e-01
8.422857142857143042e-01
8.422857142857143042e-01
8.422857142857143042e-01
8.422857142857143042e-01
8.422857142857143042e-01
8.422857142857143042e-01
8.422857142857143042e-01
8.422857142857143042e-01
8.422857142857143042e-01
8.422857142857143042e-01
8.422857142857143042e-01
8.422857142857143042e-01
8.422857142857143042e-01
8.422857142857143042e-01
8.422857142857143042e-01
8.422857142857143042e-01
8.422857142857143042e-01
8.422857142857143042e-01
8.422857142857143042e-01
8.422857142857143042e-01
8.422857142857143042e-01
8.419999999999999707e-01
8.419999999999999707e-01
8.419999999999999707e-01
8.419999999999999707e-01
8.419999999999999707e-01
8.417142857142857482e-01
8.417142857142857482e-01
8.417142857142857482e-01
8.417142857142857482e-01
8.417142857142857482e-01
8.417142857142857482e-01
8.417142857142857482e-01
8.417142857142857482e-01
8.417142857142857482e-01
8.417142857142857482e-01
8.417142857142857482e-01
8.417142857142857482e-01
8.417142857142857482e-01
8.417142857142857482e-01
8.417142857142857482e-01
8.417142857142857482e-01
8.417142857142857482e-01
8.417142857142857482e-01
8.417142857142857482e-01
8.417142857142857482e-01
8.417142857142857482e-01
8.417142857142857482e-01
8.417142857142857482e-01
8.417142857142857482e-01
8.417142857142857482e-01
8.417142857142857482e-01
8.417142857142857482e-01
8.417142857142857482e-01
8.417142857142857482e-01
8.417142857142857482e-01
8.417142857142857482e-01
8.417142857142857482e-01
8.417142857142857482e-01
8.417142857142857482e-01
8.417142857142857482e-01
8.417142857142857482e-01
8.417142857142857482e-01
8.417142857142857482e-01
8.417142857142857482e-01
8.417142857142857482e-01
8.417142857142857482e-01
8.417142857142857482e-01
8.417142857142857482e-01
8.417142857142857482e-01
8.417142857142857482e-01
8.417142857142857482e-01
8.417142857142857482e-01
8.417142857142857482e-01
8.417142857142857482e-01
8.417142857142857482e-01
8.417142857142857482e-01
8.417142857142857482e-01
8.417142857142857482e-01
8.417142857142857482e-01
8.417142857142857482e-01
8.417142857142857482e-01
8.417142857142857482e-01
8.417142857142857482e-01
8.417142857142857482e-01
8.417142857142857482e-01
8.417142857142857482e-01
8.417142857142857482e-01
8.417142857142857482e-01
8.417142857142857482e-01
8.417142857142857482e-01
8.417142857142857482e-01
8.417142857142857482e-01
8.417142857142857482e-01
8.417142857142857482e-01
8.417142857142857482e-01
8.417142857142857482e-01
8.417142857142857482e-01
8.417142857142857482e-01
8.417142857142857482e-01
8.417142857142857482e-01
8.417142857142857482e-01
8.417142857142857482e-01
8.417142857142857482e-01
8.417142857142857482e-01
8.417142857142857482e-01
8.414285714285714146e-01
8.414285714285714146e-01
8.414285714285714146e-01
8.414285714285714146e-01
8.414285714285714146e-01
8.414285714285714146e-01
8.414285714285714146e-01
8.414285714285714146e-01
8.414285714285714146e-01
8.414285714285714146e-01
8.414285714285714146e-01
8.414285714285714146e-01
8.414285714285714146e-01
8.414285714285714146e-01
8.414285714285714146e-01
8.414285714285714146e-01
8.414285714285714146e-01
8.414285714285714146e-01
8.414285714285714146e-01
8.414285714285714146e-01
8.414285714285714146e-01
8.414285714285714146e-01
8.414285714285714146e-01
8.414285714285714146e-01
8.414285714285714146e-01
8.414285714285714146e-01
8.414285714285714146e-01
8.411428571428571921e-01
8.411428571428571921e-01
8.411428571428571921e-01
8.411428571428571921e-01
8.411428571428571921e-01
8.411428571428571921e-01
8.411428571428571921e-01
8.411428571428571921e-01
8.411428571428571921e-01
8.411428571428571921e-01
8.411428571428571921e-01
8.411428571428571921e-01
8.411428571428571921e-01
8.411428571428571921e-01
8.411428571428571921e-01
8.411428571428571921e-01
8.411428571428571921e-01
8.411428571428571921e-01
8.411428571428571921e-01
8.411428571428571921e-01
8.411428571428571921e-01
8.411428571428571921e-01
8.411428571428571921e-01
8.411428571428571921e-01
8.411428571428571921e-01
8.411428571428571921e-01
8.411428571428571921e-01
8.411428571428571921e-01
8.411428571428571921e-01
8.411428571428571921e-01
8.411428571428571921e-01
8.411428571428571921e-01
8.411428571428571921e-01
8.411428571428571921e-01
8.411428571428571921e-01
8.411428571428571921e-01
8.411428571428571921e-01
8.411428571428571921e-01
8.411428571428571921e-01
8.411428571428571921e-01
8.411428571428571921e-01
8.411428571428571921e-01
8.411428571428571921e-01
8.411428571428571921e-01
8.411428571428571921e-01
8.411428571428571921e-01
8.411428571428571921e-01
8.411428571428571921e-01
8.411428571428571921e-01
8.411428571428571921e-01
8.411428571428571921e-01
8.411428571428571921e-01
8.411428571428571921e-01
8.411428571428571921e-01
8.411428571428571921e-01
8.411428571428571921e-01
8.411428571428571921e-01
8.411428571428571921e-01
8.411428571428571921e-01
8.411428571428571921e-01
8.411428571428571921e-01
8.411428571428571921e-01
8.408571428571428585e-01
8.408571428571428585e-01
8.408571428571428585e-01
8.408571428571428585e-01
8.408571428571428585e-01
8.408571428571428585e-01
8.408571428571428585e-01
8.408571428571428585e-01
8.408571428571428585e-01
8.408571428571428585e-01
8.408571428571428585e-01
8.408571428571428585e-01
8.405714285714285250e-01
8.405714285714285250e-01
8.405714285714285250e-01
8.405714285714285250e-01
8.405714285714285250e-01
8.405714285714285250e-01
8.405714285714285250e-01
8.405714285714285250e-01
8.405714285714285250e-01
8.405714285714285250e-01
8.405714285714285250e-01
8.405714285714285250e-01
8.405714285714285250e-01
8.405714285714285250e-01
8.405714285714285250e-01
8.402857142857143025e-01
8.402857142857143025e-01
8.402857142857143025e-01
8.402857142857143025e-01
8.402857142857143025e-01
8.402857142857143025e-01
8.402857142857143025e-01
8.402857142857143025e-01
8.402857142857143025e-01
8.402857142857143025e-01
8.402857142857143025e-01
8.402857142857143025e-01
8.402857142857143025e-01
8.402857142857143025e-01
8.402857142857143025e-01
8.402857142857143025e-01
8.402857142857143025e-01
8.402857142857143025e-01
8.402857142857143025e-01
8.402857142857143025e-01
8.402857142857143025e-01
8.402857142857143025e-01
8.402857142857143025e-01
8.402857142857143025e-01
8.402857142857143025e-01
8.402857142857143025e-01
8.402857142857143025e-01
8.402857142857143025e-01
8.402857142857143025e-01
8.402857142857143025e-01
8.402857142857143025e-01
8.402857142857143025e-01
8.402857142857143025e-01
8.402857142857143025e-01
8.402857142857143025e-01
8.402857142857143025e-01
8.402857142857143025e-01
8.402857142857143025e-01
8.402857142857143025e-01
8.402857142857143025e-01
8.402857142857143025e-01
8.402857142857143025e-01
8.402857142857143025e-01
8.402857142857143025e-01
8.402857142857143025e-01
8.402857142857143025e-01
8.402857142857143025e-01
8.402857142857143025e-01
8.402857142857143025e-01
8.399999999999999689e-01
8.399999999999999689e-01
8.399999999999999689e-01
8.399999999999999689e-01
8.399999999999999689e-01
8.399999999999999689e-01
8.399999999999999689e-01
8.399999999999999689e-01
8.399999999999999689e-01
8.399999999999999689e-01
8.399999999999999689e-01
8.399999999999999689e-01
8.397142857142857464e-01
8.397142857142857464e-01
8.397142857142857464e-01
8.394285714285714128e-01
8.394285714285714128e-01
8.394285714285714128e-01
8.394285714285714128e-01
8.394285714285714128e-01
8.394285714285714128e-01
8.394285714285714128e-01
8.394285714285714128e-01
8.394285714285714128e-01
8.394285714285714128e-01
8.394285714285714128e-01
8.394285714285714128e-01
8.394285714285714128e-01
8.394285714285714128e-01
8.394285714285714128e-01
8.394285714285714128e-01
8.394285714285714128e-01
8.394285714285714128e-01
8.394285714285714128e-01
8.394285714285714128e-01
8.394285714285714128e-01
8.394285714285714128e-01
8.394285714285714128e-01
8.394285714285714128e-01
8.394285714285714128e-01
8.394285714285714128e-01
8.394285714285714128e-01
8.394285714285714128e-01
8.394285714285714128e-01
8.394285714285714128e-01
8.394285714285714128e-01
8.394285714285714128e-01
8.394285714285714128e-01
8.394285714285714128e-01
8.394285714285714128e-01
8.394285714285714128e-01
8.394285714285714128e-01
8.394285714285714128e-01
8.394285714285714128e-01
8.394285714285714128e-01
8.394285714285714128e-01
8.394285714285714128e-01
8.394285714285714128e-01
8.394285714285714128e-01
8.394285714285714128e-01
8.394285714285714128e-01
8.394285714285714128e-01
8.394285714285714128e-01
8.394285714285714128e-01
8.394285714285714128e-01
8.394285714285714128e-01
8.394285714285714128e-01
8.394285714285714128e-01
8.394285714285714128e-01
8.394285714285714128e-01
8.394285714285714128e-01
8.394285714285714128e-01
8.394285714285714128e-01
8.394285714285714128e-01
8.394285714285714128e-01
8.394285714285714128e-01
8.394285714285714128e-01
8.394285714285714128e-01
8.394285714285714128e-01
8.394285714285714128e-01
8.394285714285714128e-01
8.394285714285714128e-01
8.391428571428571903e-01
8.391428571428571903e-01
8.391428571428571903e-01
8.391428571428571903e-01
8.391428571428571903e-01
8.391428571428571903e-01
8.388571428571428568e-01
8.388571428571428568e-01
8.388571428571428568e-01
8.388571428571428568e-01
8.388571428571428568e-01
8.388571428571428568e-01
8.388571428571428568e-01
8.388571428571428568e-01
8.385714285714285232e-01
8.385714285714285232e-01
8.385714285714285232e-01
8.385714285714285232e-01
8.385714285714285232e-01
8.385714285714285232e-01
8.385714285714285232e-01
8.385714285714285232e-01
8.385714285714285232e-01
8.385714285714285232e-01
8.385714285714285232e-01
8.385714285714285232e-01
8.385714285714285232e-01
8.385714285714285232e-01
8.385714285714285232e-01
8.385714285714285232e-01
8.382857142857143007e-01
8.382857142857143007e-01
8.382857142857143007e-01
8.382857142857143007e-01
8.382857142857143007e-01
8.382857142857143007e-01
8.382857142857143007e-01
8.382857142857143007e-01
8.379999999999999671e-01
8.379999999999999671e-01
8.379999999999999671e-01
8.379999999999999671e-01
8.379999999999999671e-01
8.379999999999999671e-01
8.379999999999999671e-01
8.379999999999999671e-01
8.379999999999999671e-01
8.379999999999999671e-01
8.379999999999999671e-01
8.379999999999999671e-01
8.379999999999999671e-01
8.379999999999999671e-01
8.379999999999999671e-01
8.377142857142857446e-01
8.377142857142857446e-01
8.377142857142857446e-01
8.377142857142857446e-01
8.377142857142857446e-01
8.377142857142857446e-01
8.377142857142857446e-01
8.377142857142857446e-01
8.377142857142857446e-01
8.377142857142857446e-01
8.377142857142857446e-01
8.377142857142857446e-01
8.377142857142857446e-01
8.377142857142857446e-01
8.377142857142857446e-01
8.377142857142857446e-01
8.377142857142857446e-01
8.377142857142857446e-01
8.377142857142857446e-01
8.377142857142857446e-01
8.377142857142857446e-01
8.377142857142857446e-01
8.377142857142857446e-01
8.377142857142857446e-01
8.377142857142857446e-01
8.377142857142857446e-01
8.377142857142857446e-01
8.377142857142857446e-01
8.377142857142857446e-01
8.377142857142857446e-01
8.377142857142857446e-01
8.377142857142857446e-01
8.377142857142857446e-01
8.377142857142857446e-01
8.377142857142857446e-01
8.377142857142857446e-01
8.377142857142857446e-01
8.377142857142857446e-01
8.377142857142857446e-01
8.377142857142857446e-01
8.377142857142857446e-01
8.377142857142857446e-01
8.377142857142857446e-01
8.377142857142857446e-01
8.377142857142857446e-01
8.377142857142857446e-01
8.377142857142857446e-01
8.377142857142857446e-01
8.377142857142857446e-01
8.377142857142857446e-01
8.377142857142857446e-01
8.377142857142857446e-01
8.377142857142857446e-01
8.377142857142857446e-01
8.374285714285714111e-01
8.374285714285714111e-01
8.374285714285714111e-01
8.374285714285714111e-01
8.374285714285714111e-01
8.371428571428571885e-01
8.371428571428571885e-01
8.371428571428571885e-01
8.371428571428571885e-01
8.371428571428571885e-01
8.371428571428571885e-01
8.371428571428571885e-01
8.371428571428571885e-01
8.371428571428571885e-01
8.371428571428571885e-01
8.371428571428571885e-01
8.371428571428571885e-01
8.371428571428571885e-01
8.371428571428571885e-01
8.371428571428571885e-01
8.371428571428571885e-01
8.371428571428571885e-01
8.371428571428571885e-01
8.371428571428571885e-01
8.371428571428571885e-01
8.371428571428571885e-01
8.371428571428571885e-01
8.371428571428571885e-01
8.371428571428571885e-01
8.371428571428571885e-01
8.371428571428571885e-01
8.371428571428571885e-01
8.371428571428571885e-01
8.371428571428571885e-01
8.371428571428571885e-01
8.371428571428571885e-01
8.371428571428571885e-01
8.371428571428571885e-01
8.371428571428571885e-01
8.371428571428571885e-01
8.371428571428571885e-01
8.371428571428571885e-01
8.368571428571428550e-01
8.368571428571428550e-01
8.368571428571428550e-01
8.368571428571428550e-01
8.368571428571428550e-01
8.368571428571428550e-01
8.368571428571428550e-01
8.368571428571428550e-01
8.368571428571428550e-01
8.368571428571428550e-01
8.368571428571428550e-01
8.368571428571428550e-01
8.368571428571428550e-01
8.368571428571428550e-01
8.368571428571428550e-01
8.368571428571428550e-01
8.368571428571428550e-01
8.368571428571428550e-01
8.368571428571428550e-01
8.368571428571428550e-01
8.368571428571428550e-01
8.368571428571428550e-01
8.368571428571428550e-01
8.368571428571428550e-01
8.368571428571428550e-01
8.368571428571428550e-01
8.368571428571428550e-01
8.368571428571428550e-01
8.368571428571428550e-01
8.368571428571428550e-01
8.368571428571428550e-01
8.368571428571428550e-01
8.368571428571428550e-01
8.368571428571428550e-01
8.368571428571428550e-01
8.368571428571428550e-01
8.368571428571428550e-01
8.368571428571428550e-01
8.368571428571428550e-01
8.368571428571428550e-01
8.368571428571428550e-01
8.368571428571428550e-01
8.368571428571428550e-01
8.368571428571428550e-01
8.368571428571428550e-01
8.368571428571428550e-01
8.368571428571428550e-01
8.368571428571428550e-01
8.368571428571428550e-01
8.368571428571428550e-01
8.368571428571428550e-01
8.368571428571428550e-01
8.368571428571428550e-01
8.368571428571428550e-01
8.368571428571428550e-01
8.368571428571428550e-01
8.368571428571428550e-01
8.368571428571428550e-01
8.368571428571428550e-01
8.368571428571428550e-01
8.368571428571428550e-01
8.368571428571428550e-01
8.368571428571428550e-01
8.368571428571428550e-01
8.368571428571428550e-01
8.368571428571428550e-01
8.368571428571428550e-01
8.368571428571428550e-01
8.368571428571428550e-01
8.368571428571428550e-01
8.368571428571428550e-01
8.368571428571428550e-01
8.368571428571428550e-01
8.368571428571428550e-01
8.368571428571428550e-01
8.368571428571428550e-01
8.368571428571428550e-01
8.368571428571428550e-01
8.368571428571428550e-01
8.368571428571428550e-01
8.368571428571428550e-01
8.368571428571428550e-01
8.368571428571428550e-01
8.368571428571428550e-01
8.368571428571428550e-01
8.368571428571428550e-01
8.368571428571428550e-01
8.368571428571428550e-01
8.368571428571428550e-01
8.368571428571428550e-01
8.368571428571428550e-01
8.368571428571428550e-01
8.368571428571428550e-01
8.368571428571428550e-01
8.368571428571428550e-01
8.368571428571428550e-01
8.368571428571428550e-01
8.368571428571428550e-01
8.365714285714285214e-01
8.365714285714285214e-01
8.365714285714285214e-01
8.365714285714285214e-01
8.365714285714285214e-01
8.365714285714285214e-01
8.365714285714285214e-01
8.365714285714285214e-01
8.365714285714285214e-01
8.365714285714285214e-01
8.365714285714285214e-01
8.365714285714285214e-01
8.365714285714285214e-01
8.365714285714285214e-01
8.365714285714285214e-01
8.365714285714285214e-01
8.365714285714285214e-01
8.365714285714285214e-01
8.365714285714285214e-01
8.365714285714285214e-01
8.365714285714285214e-01
8.365714285714285214e-01
8.365714285714285214e-01
8.365714285714285214e-01
8.365714285714285214e-01
8.365714285714285214e-01
8.365714285714285214e-01
8.365714285714285214e-01
8.365714285714285214e-01
8.365714285714285214e-01
8.365714285714285214e-01
8.365714285714285214e-01
8.365714285714285214e-01
8.362857142857142989e-01
8.362857142857142989e-01
8.362857142857142989e-01
8.362857142857142989e-01
8.362857142857142989e-01
8.362857142857142989e-01
8.362857142857142989e-01
8.359999999999999654e-01
8.359999999999999654e-01
8.359999999999999654e-01
8.359999999999999654e-01
8.359999999999999654e-01
8.357142857142857428e-01
8.357142857142857428e-01
8.357142857142857428e-01
8.357142857142857428e-01
8.357142857142857428e-01
8.357142857142857428e-01
8.357142857142857428e-01
8.357142857142857428e-01
8.357142857142857428e-01
8.357142857142857428e-01
8.357142857142857428e-01
8.357142857142857428e-01
8.357142857142857428e-01
8.357142857142857428e-01
8.357142857142857428e-01
8.357142857142857428e-01
8.357142857142857428e-01
8.357142857142857428e-01
8.357142857142857428e-01
8.357142857142857428e-01
8.357142857142857428e-01
8.357142857142857428e-01
8.357142857142857428e-01
8.357142857142857428e-01
8.357142857142857428e-01
8.357142857142857428e-01
8.357142857142857428e-01
8.357142857142857428e-01
8.357142857142857428e-01
8.357142857142857428e-01
8.357142857142857428e-01
8.357142857142857428e-01
8.357142857142857428e-01
8.357142857142857428e-01
8.357142857142857428e-01
8.357142857142857428e-01
8.357142857142857428e-01
8.357142857142857428e-01
8.357142857142857428e-01
8.357142857142857428e-01
8.357142857142857428e-01
8.357142857142857428e-01
8.357142857142857428e-01
8.357142857142857428e-01
8.357142857142857428e-01
8.357142857142857428e-01
8.357142857142857428e-01
8.357142857142857428e-01
8.357142857142857428e-01
8.357142857142857428e-01
8.357142857142857428e-01
8.357142857142857428e-01
8.357142857142857428e-01
8.357142857142857428e-01
8.357142857142857428e-01
8.357142857142857428e-01
8.357142857142857428e-01
8.357142857142857428e-01
8.357142857142857428e-01
8.357142857142857428e-01
8.357142857142857428e-01
8.357142857142857428e-01
8.357142857142857428e-01
8.357142857142857428e-01
8.357142857142857428e-01
8.357142857142857428e-01
8.357142857142857428e-01
8.357142857142857428e-01
8.357142857142857428e-01
8.357142857142857428e-01
8.357142857142857428e-01
8.357142857142857428e-01
8.357142857142857428e-01
8.357142857142857428e-01
8.357142857142857428e-01
8.357142857142857428e-01
8.354285714285714093e-01
8.354285714285714093e-01
8.354285714285714093e-01
8.354285714285714093e-01
8.354285714285714093e-01
8.354285714285714093e-01
8.354285714285714093e-01
8.354285714285714093e-01
8.354285714285714093e-01
8.354285714285714093e-01
8.354285714285714093e-01
8.354285714285714093e-01
8.354285714285714093e-01
8.354285714285714093e-01
8.354285714285714093e-01
8.354285714285714093e-01
8.354285714285714093e-01
8.354285714285714093e-01
8.354285714285714093e-01
8.354285714285714093e-01
8.354285714285714093e-01
8.354285714285714093e-01
8.354285714285714093e-01
8.354285714285714093e-01
8.354285714285714093e-01
8.354285714285714093e-01
8.354285714285714093e-01
8.354285714285714093e-01
8.354285714285714093e-01
8.354285714285714093e-01
8.354285714285714093e-01
8.354285714285714093e-01
8.354285714285714093e-01
8.354285714285714093e-01
8.354285714285714093e-01
8.354285714285714093e-01
8.354285714285714093e-01
8.354285714285714093e-01
8.354285714285714093e-01
8.354285714285714093e-01
8.354285714285714093e-01
8.354285714285714093e-01
8.354285714285714093e-01
8.354285714285714093e-01
8.354285714285714093e-01
8.354285714285714093e-01
8.354285714285714093e-01
8.354285714285714093e-01
8.354285714285714093e-01
8.354285714285714093e-01
8.354285714285714093e-01
8.354285714285714093e-01
8.354285714285714093e-01
8.354285714285714093e-01
8.354285714285714093e-01
8.354285714285714093e-01
8.354285714285714093e-01
8.354285714285714093e-01
8.354285714285714093e-01
8.354285714285714093e-01
8.354285714285714093e-01
8.354285714285714093e-01
8.354285714285714093e-01
8.354285714285714093e-01
8.354285714285714093e-01
8.354285714285714093e-01
8.354285714285714093e-01
8.354285714285714093e-01
8.354285714285714093e-01
8.354285714285714093e-01
8.354285714285714093e-01
8.354285714285714093e-01
8.354285714285714093e-01
8.354285714285714093e-01
8.354285714285714093e-01
8.354285714285714093e-01
8.354285714285714093e-01
8.354285714285714093e-01
8.354285714285714093e-01
8.354285714285714093e-01
8.354285714285714093e-01
8.354285714285714093e-01
8.354285714285714093e-01
8.354285714285714093e-01
8.354285714285714093e-01
8.354285714285714093e-01
8.354285714285714093e-01
8.354285714285714093e-01
8.354285714285714093e-01
8.354285714285714093e-01
8.354285714285714093e-01
8.354285714285714093e-01
8.354285714285714093e-01
8.354285714285714093e-01
8.354285714285714093e-01
8.354285714285714093e-01
8.351428571428571868e-01
8.351428571428571868e-01
8.348571428571428532e-01
8.348571428571428532e-01
8.348571428571428532e-01
8.345714285714285197e-01
8.345714285714285197e-01
8.345714285714285197e-01
8.345714285714285197e-01
8.345714285714285197e-01
8.345714285714285197e-01
8.345714285714285197e-01
8.345714285714285197e-01
8.345714285714285197e-01
8.345714285714285197e-01
8.345714285714285197e-01
8.345714285714285197e-01
8.345714285714285197e-01
8.345714285714285197e-01
8.345714285714285197e-01
8.345714285714285197e-01
8.345714285714285197e-01
8.345714285714285197e-01
8.345714285714285197e-01
8.345714285714285197e-01
8.345714285714285197e-01
8.345714285714285197e-01
8.345714285714285197e-01
8.345714285714285197e-01
8.345714285714285197e-01
8.345714285714285197e-01
8.345714285714285197e-01
8.345714285714285197e-01
8.345714285714285197e-01
8.345714285714285197e-01
8.345714285714285197e-01
8.345714285714285197e-01
8.345714285714285197e-01
8.345714285714285197e-01
8.345714285714285197e-01
8.345714285714285197e-01
8.345714285714285197e-01
8.345714285714285197e-01
8.345714285714285197e-01
8.345714285714285197e-01
8.345714285714285197e-01
8.345714285714285197e-01
8.345714285714285197e-01
8.345714285714285197e-01
8.345714285714285197e-01
8.345714285714285197e-01
8.345714285714285197e-01
8.345714285714285197e-01
8.345714285714285197e-01
8.345714285714285197e-01
8.345714285714285197e-01
8.345714285714285197e-01
8.345714285714285197e-01
8.345714285714285197e-01
8.345714285714285197e-01
8.345714285714285197e-01
8.345714285714285197e-01
8.345714285714285197e-01
8.345714285714285197e-01
8.345714285714285197e-01
8.345714285714285197e-01
8.345714285714285197e-01
8.345714285714285197e-01
8.345714285714285197e-01
8.345714285714285197e-01
8.345714285714285197e-01
8.345714285714285197e-01
8.345714285714285197e-01
8.345714285714285197e-01
8.345714285714285197e-01
8.345714285714285197e-01
8.345714285714285197e-01
8.345714285714285197e-01
8.345714285714285197e-01
8.345714285714285197e-01
8.345714285714285197e-01
8.345714285714285197e-01
8.345714285714285197e-01
8.345714285714285197e-01
8.345714285714285197e-01
8.345714285714285197e-01
8.345714285714285197e-01
8.345714285714285197e-01
8.345714285714285197e-01
8.345714285714285197e-01
8.345714285714285197e-01
8.345714285714285197e-01
8.345714285714285197e-01
8.345714285714285197e-01
8.345714285714285197e-01
8.345714285714285197e-01
8.345714285714285197e-01
8.345714285714285197e-01
8.345714285714285197e-01
8.345714285714285197e-01
8.345714285714285197e-01
8.345714285714285197e-01
8.345714285714285197e-01
8.345714285714285197e-01
8.345714285714285197e-01
8.345714285714285197e-01
8.345714285714285197e-01
8.345714285714285197e-01
8.345714285714285197e-01
8.345714285714285197e-01
8.345714285714285197e-01
8.345714285714285197e-01
8.345714285714285197e-01
8.345714285714285197e-01
8.345714285714285197e-01
8.345714285714285197e-01
8.345714285714285197e-01
8.345714285714285197e-01
8.345714285714285197e-01
8.345714285714285197e-01
8.345714285714285197e-01
8.345714285714285197e-01
8.345714285714285197e-01
8.345714285714285197e-01
8.345714285714285197e-01
8.345714285714285197e-01
8.345714285714285197e-01
8.345714285714285197e-01
8.345714285714285197e-01
8.345714285714285197e-01
8.345714285714285197e-01
8.345714285714285197e-01
8.345714285714285197e-01
8.345714285714285197e-01
8.345714285714285197e-01
8.345714285714285197e-01
8.345714285714285197e-01
8.345714285714285197e-01
8.345714285714285197e-01
8.345714285714285197e-01
8.345714285714285197e-01
8.345714285714285197e-01
8.345714285714285197e-01
8.345714285714285197e-01
8.345714285714285197e-01
8.345714285714285197e-01
8.345714285714285197e-01
8.345714285714285197e-01
8.345714285714285197e-01
8.345714285714285197e-01
8.345714285714285197e-01
8.342857142857142971e-01
8.342857142857142971e-01
8.342857142857142971e-01
8.342857142857142971e-01
8.342857142857142971e-01
8.342857142857142971e-01
8.342857142857142971e-01
8.342857142857142971e-01
8.342857142857142971e-01
8.342857142857142971e-01
8.342857142857142971e-01
8.342857142857142971e-01
8.342857142857142971e-01
8.342857142857142971e-01
8.342857142857142971e-01
8.342857142857142971e-01
8.342857142857142971e-01
8.342857142857142971e-01
8.342857142857142971e-01
8.342857142857142971e-01
8.342857142857142971e-01
8.342857142857142971e-01
8.342857142857142971e-01
8.342857142857142971e-01
8.342857142857142971e-01
8.342857142857142971e-01
8.342857142857142971e-01
8.342857142857142971e-01
8.339999999999999636e-01
8.339999999999999636e-01
8.339999999999999636e-01
8.339999999999999636e-01
8.339999999999999636e-01
8.339999999999999636e-01
8.339999999999999636e-01
8.339999999999999636e-01
8.339999999999999636e-01
8.339999999999999636e-01
8.337142857142857411e-01
8.337142857142857411e-01
8.337142857142857411e-01
8.337142857142857411e-01
8.337142857142857411e-01
8.337142857142857411e-01
8.337142857142857411e-01
8.337142857142857411e-01
8.337142857142857411e-01
8.337142857142857411e-01
8.337142857142857411e-01
8.337142857142857411e-01
8.337142857142857411e-01
8.337142857142857411e-01
8.337142857142857411e-01
8.337142857142857411e-01
8.337142857142857411e-01
8.337142857142857411e-01
8.337142857142857411e-01
8.337142857142857411e-01
8.337142857142857411e-01
8.337142857142857411e-01
8.337142857142857411e-01
8.337142857142857411e-01
8.337142857142857411e-01
8.337142857142857411e-01
8.337142857142857411e-01
8.337142857142857411e-01
8.337142857142857411e-01
8.337142857142857411e-01
8.337142857142857411e-01
8.337142857142857411e-01
8.337142857142857411e-01
8.337142857142857411e-01
8.337142857142857411e-01
8.337142857142857411e-01
8.337142857142857411e-01
8.337142857142857411e-01
8.337142857142857411e-01
8.337142857142857411e-01
8.337142857142857411e-01
8.337142857142857411e-01
8.337142857142857411e-01
8.337142857142857411e-01
8.337142857142857411e-01
8.337142857142857411e-01
8.337142857142857411e-01
8.337142857142857411e-01
8.337142857142857411e-01
8.337142857142857411e-01
8.337142857142857411e-01
8.337142857142857411e-01
8.337142857142857411e-01
8.337142857142857411e-01
8.337142857142857411e-01
8.337142857142857411e-01
8.337142857142857411e-01
8.337142857142857411e-01
8.337142857142857411e-01
8.337142857142857411e-01
8.337142857142857411e-01
8.337142857142857411e-01
8.337142857142857411e-01
8.337142857142857411e-01
8.337142857142857411e-01
8.337142857142857411e-01
8.334285714285714075e-01
8.334285714285714075e-01
8.334285714285714075e-01
8.334285714285714075e-01
8.334285714285714075e-01
8.334285714285714075e-01
8.334285714285714075e-01
8.334285714285714075e-01
8.334285714285714075e-01
8.334285714285714075e-01
8.334285714285714075e-01
8.334285714285714075e-01
8.334285714285714075e-01
8.334285714285714075e-01
8.334285714285714075e-01
8.334285714285714075e-01
8.334285714285714075e-01
8.334285714285714075e-01
8.334285714285714075e-01
8.334285714285714075e-01
8.334285714285714075e-01
8.334285714285714075e-01
8.334285714285714075e-01
8.334285714285714075e-01
8.334285714285714075e-01
8.334285714285714075e-01
8.334285714285714075e-01
8.334285714285714075e-01
8.334285714285714075e-01
8.334285714285714075e-01
8.334285714285714075e-01
8.334285714285714075e-01
8.334285714285714075e-01
8.334285714285714075e-01
8.334285714285714075e-01
8.334285714285714075e-01
8.334285714285714075e-01
8.334285714285714075e-01
8.334285714285714075e-01
8.334285714285714075e-01
8.334285714285714075e-01
8.334285714285714075e-01
8.334285714285714075e-01
8.334285714285714075e-01
8.334285714285714075e-01
8.334285714285714075e-01
8.334285714285714075e-01
8.334285714285714075e-01
8.328571428571428514e-01
8.328571428571428514e-01
8.328571428571428514e-01
8.328571428571428514e-01
8.328571428571428514e-01
8.328571428571428514e-01
8.328571428571428514e-01
8.328571428571428514e-01
8.328571428571428514e-01
8.328571428571428514e-01
8.328571428571428514e-01
8.328571428571428514e-01
8.328571428571428514e-01
8.325714285714285179e-01
8.325714285714285179e-01
8.325714285714285179e-01
8.325714285714285179e-01
8.325714285714285179e-01
8.325714285714285179e-01
8.325714285714285179e-01
8.325714285714285179e-01
8.325714285714285179e-01
8.325714285714285179e-01
8.322857142857142954e-01
8.322857142857142954e-01
8.322857142857142954e-01
8.322857142857142954e-01
8.322857142857142954e-01
8.322857142857142954e-01
8.322857142857142954e-01
8.322857142857142954e-01
8.322857142857142954e-01
8.322857142857142954e-01
8.322857142857142954e-01
8.322857142857142954e-01
8.322857142857142954e-01
8.322857142857142954e-01
8.322857142857142954e-01
8.322857142857142954e-01
8.322857142857142954e-01
8.322857142857142954e-01
8.322857142857142954e-01
8.322857142857142954e-01
8.322857142857142954e-01
8.322857142857142954e-01
8.322857142857142954e-01
8.322857142857142954e-01
8.322857142857142954e-01
8.322857142857142954e-01
8.322857142857142954e-01
8.322857142857142954e-01
8.322857142857142954e-01
8.322857142857142954e-01
8.322857142857142954e-01
8.322857142857142954e-01
8.322857142857142954e-01
8.322857142857142954e-01
8.322857142857142954e-01
8.322857142857142954e-01
8.322857142857142954e-01
8.322857142857142954e-01
8.322857142857142954e-01
8.322857142857142954e-01
8.322857142857142954e-01
8.322857142857142954e-01
8.322857142857142954e-01
8.322857142857142954e-01
8.322857142857142954e-01
8.322857142857142954e-01
8.322857142857142954e-01
8.322857142857142954e-01
8.322857142857142954e-01
8.322857142857142954e-01
8.322857142857142954e-01
8.322857142857142954e-01
8.322857142857142954e-01
8.322857142857142954e-01
8.322857142857142954e-01
8.322857142857142954e-01
8.319999999999999618e-01
8.319999999999999618e-01
8.319999999999999618e-01
8.319999999999999618e-01
8.319999999999999618e-01
8.319999999999999618e-01
8.319999999999999618e-01
8.319999999999999618e-01
8.319999999999999618e-01
8.319999999999999618e-01
8.319999999999999618e-01
8.319999999999999618e-01
8.319999999999999618e-01
8.319999999999999618e-01
8.319999999999999618e-01
8.319999999999999618e-01
8.319999999999999618e-01
8.319999999999999618e-01
8.319999999999999618e-01
8.319999999999999618e-01
8.319999999999999618e-01
8.319999999999999618e-01
8.319999999999999618e-01
8.319999999999999618e-01
8.319999999999999618e-01
8.319999999999999618e-01
8.317142857142857393e-01
8.317142857142857393e-01
8.317142857142857393e-01
8.317142857142857393e-01
8.317142857142857393e-01
8.317142857142857393e-01
8.317142857142857393e-01
8.317142857142857393e-01
8.317142857142857393e-01
8.311428571428571832e-01
8.311428571428571832e-01
8.311428571428571832e-01
8.311428571428571832e-01
8.311428571428571832e-01
8.311428571428571832e-01
8.308571428571428497e-01
8.308571428571428497e-01
8.308571428571428497e-01
8.308571428571428497e-01
8.308571428571428497e-01
8.308571428571428497e-01
8.308571428571428497e-01
8.308571428571428497e-01
8.308571428571428497e-01
8.308571428571428497e-01
8.305714285714285161e-01
8.305714285714285161e-01
8.305714285714285161e-01
8.305714285714285161e-01
8.305714285714285161e-01
8.305714285714285161e-01
8.305714285714285161e-01
8.305714285714285161e-01
8.305714285714285161e-01
8.305714285714285161e-01
8.305714285714285161e-01
8.305714285714285161e-01
8.305714285714285161e-01
8.305714285714285161e-01
8.305714285714285161e-01
8.305714285714285161e-01
8.305714285714285161e-01
8.305714285714285161e-01
8.305714285714285161e-01
8.305714285714285161e-01
8.305714285714285161e-01
8.305714285714285161e-01
8.305714285714285161e-01
8.305714285714285161e-01
8.305714285714285161e-01
8.305714285714285161e-01
8.305714285714285161e-01
8.305714285714285161e-01
8.305714285714285161e-01
8.305714285714285161e-01
8.305714285714285161e-01
8.305714285714285161e-01
8.305714285714285161e-01
8.305714285714285161e-01
8.305714285714285161e-01
8.305714285714285161e-01
8.305714285714285161e-01
8.305714285714285161e-01
8.305714285714285161e-01
8.305714285714285161e-01
8.305714285714285161e-01
8.305714285714285161e-01
8.305714285714285161e-01
8.305714285714285161e-01
8.305714285714285161e-01
8.305714285714285161e-01
8.305714285714285161e-01
8.305714285714285161e-01
8.305714285714285161e-01
8.305714285714285161e-01
8.305714285714285161e-01
8.305714285714285161e-01
8.305714285714285161e-01
8.305714285714285161e-01
8.305714285714285161e-01
8.305714285714285161e-01
8.305714285714285161e-01
8.305714285714285161e-01
8.305714285714285161e-01
8.305714285714285161e-01
8.305714285714285161e-01
8.305714285714285161e-01
8.305714285714285161e-01
8.305714285714285161e-01
8.305714285714285161e-01
8.305714285714285161e-01
8.305714285714285161e-01
8.305714285714285161e-01
8.305714285714285161e-01
8.305714285714285161e-01
8.305714285714285161e-01
8.305714285714285161e-01
8.305714285714285161e-01
8.305714285714285161e-01
8.302857142857142936e-01
8.302857142857142936e-01
8.302857142857142936e-01
8.302857142857142936e-01
8.302857142857142936e-01
8.302857142857142936e-01
8.302857142857142936e-01
8.302857142857142936e-01
8.302857142857142936e-01
8.302857142857142936e-01
8.302857142857142936e-01
8.302857142857142936e-01
8.302857142857142936e-01
8.302857142857142936e-01
8.302857142857142936e-01
8.302857142857142936e-01
8.302857142857142936e-01
8.302857142857142936e-01
8.302857142857142936e-01
8.302857142857142936e-01
8.302857142857142936e-01
8.302857142857142936e-01
8.302857142857142936e-01
8.299999999999999600e-01
8.299999999999999600e-01
8.299999999999999600e-01
8.299999999999999600e-01
8.299999999999999600e-01
8.299999999999999600e-01
8.299999999999999600e-01
8.299999999999999600e-01
8.299999999999999600e-01
8.299999999999999600e-01
8.299999999999999600e-01
8.299999999999999600e-01
8.299999999999999600e-01
8.299999999999999600e-01
8.299999999999999600e-01
8.299999999999999600e-01
8.299999999999999600e-01
8.299999999999999600e-01
8.299999999999999600e-01
8.299999999999999600e-01
8.299999999999999600e-01
8.299999999999999600e-01
8.299999999999999600e-01
8.299999999999999600e-01
8.299999999999999600e-01
8.299999999999999600e-01
8.299999999999999600e-01
8.299999999999999600e-01
8.299999999999999600e-01
8.299999999999999600e-01
8.299999999999999600e-01
8.299999999999999600e-01
8.299999999999999600e-01
8.299999999999999600e-01
8.299999999999999600e-01
8.299999999999999600e-01
8.299999999999999600e-01
8.299999999999999600e-01
8.297142857142857375e-01
8.297142857142857375e-01
8.297142857142857375e-01
8.297142857142857375e-01
8.297142857142857375e-01
8.297142857142857375e-01
8.297142857142857375e-01
8.297142857142857375e-01
8.297142857142857375e-01
8.297142857142857375e-01
8.297142857142857375e-01
8.297142857142857375e-01
8.297142857142857375e-01
8.297142857142857375e-01
8.297142857142857375e-01
8.297142857142857375e-01
8.297142857142857375e-01
8.297142857142857375e-01
8.297142857142857375e-01
8.297142857142857375e-01
8.297142857142857375e-01
8.297142857142857375e-01
8.297142857142857375e-01
8.297142857142857375e-01
8.297142857142857375e-01
8.297142857142857375e-01
8.297142857142857375e-01
8.297142857142857375e-01
8.297142857142857375e-01
8.297142857142857375e-01
8.297142857142857375e-01
8.297142857142857375e-01
8.297142857142857375e-01
8.297142857142857375e-01
8.297142857142857375e-01
8.297142857142857375e-01
8.297142857142857375e-01
8.297142857142857375e-01
8.297142857142857375e-01
8.297142857142857375e-01
8.297142857142857375e-01
8.297142857142857375e-01
8.297142857142857375e-01
8.297142857142857375e-01
8.297142857142857375e-01
8.297142857142857375e-01
8.297142857142857375e-01
8.297142857142857375e-01
8.297142857142857375e-01
8.297142857142857375e-01
8.297142857142857375e-01
8.297142857142857375e-01
8.297142857142857375e-01
8.297142857142857375e-01
8.297142857142857375e-01
8.297142857142857375e-01
8.297142857142857375e-01
8.297142857142857375e-01
8.297142857142857375e-01
8.297142857142857375e-01
8.297142857142857375e-01
8.297142857142857375e-01
8.294285714285714040e-01
8.294285714285714040e-01
8.294285714285714040e-01
8.294285714285714040e-01
8.294285714285714040e-01
8.294285714285714040e-01
8.294285714285714040e-01
8.294285714285714040e-01
8.291428571428571814e-01
8.291428571428571814e-01
8.291428571428571814e-01
8.291428571428571814e-01
8.288571428571428479e-01
8.288571428571428479e-01
8.288571428571428479e-01
8.288571428571428479e-01
8.288571428571428479e-01
8.288571428571428479e-01
8.288571428571428479e-01
8.288571428571428479e-01
8.288571428571428479e-01
8.288571428571428479e-01
8.288571428571428479e-01
8.288571428571428479e-01
8.288571428571428479e-01
8.288571428571428479e-01
8.288571428571428479e-01
8.288571428571428479e-01
8.288571428571428479e-01
8.288571428571428479e-01
8.288571428571428479e-01
8.288571428571428479e-01
8.288571428571428479e-01
8.288571428571428479e-01
8.288571428571428479e-01
8.288571428571428479e-01
8.288571428571428479e-01
8.288571428571428479e-01
8.288571428571428479e-01
8.288571428571428479e-01
8.288571428571428479e-01
8.288571428571428479e-01
8.288571428571428479e-01
8.288571428571428479e-01
8.288571428571428479e-01
8.288571428571428479e-01
8.288571428571428479e-01
8.288571428571428479e-01
8.288571428571428479e-01
8.288571428571428479e-01
8.288571428571428479e-01
8.285714285714286254e-01
8.285714285714286254e-01
8.285714285714286254e-01
8.285714285714286254e-01
8.282857142857142918e-01
8.282857142857142918e-01
8.282857142857142918e-01
8.282857142857142918e-01
8.282857142857142918e-01
8.282857142857142918e-01
8.282857142857142918e-01
8.282857142857142918e-01
8.282857142857142918e-01
8.282857142857142918e-01
8.282857142857142918e-01
8.282857142857142918e-01
8.282857142857142918e-01
8.282857142857142918e-01
8.282857142857142918e-01
8.282857142857142918e-01
8.282857142857142918e-01
8.282857142857142918e-01
8.282857142857142918e-01
8.282857142857142918e-01
8.282857142857142918e-01
8.282857142857142918e-01
8.279999999999999583e-01
8.279999999999999583e-01
8.279999999999999583e-01
8.279999999999999583e-01
8.279999999999999583e-01
8.279999999999999583e-01
8.279999999999999583e-01
8.279999999999999583e-01
8.279999999999999583e-01
8.279999999999999583e-01
8.279999999999999583e-01
8.279999999999999583e-01
8.279999999999999583e-01
8.279999999999999583e-01
8.279999999999999583e-01
8.279999999999999583e-01
8.279999999999999583e-01
8.279999999999999583e-01
8.279999999999999583e-01
8.279999999999999583e-01
8.279999999999999583e-01
8.279999999999999583e-01
8.279999999999999583e-01
8.279999999999999583e-01
8.279999999999999583e-01
8.279999999999999583e-01
8.279999999999999583e-01
8.279999999999999583e-01
8.279999999999999583e-01
8.279999999999999583e-01
8.279999999999999583e-01
8.279999999999999583e-01
8.279999999999999583e-01
8.279999999999999583e-01
8.279999999999999583e-01
8.279999999999999583e-01
8.279999999999999583e-01
8.279999999999999583e-01
8.279999999999999583e-01
8.279999999999999583e-01
8.279999999999999583e-01
8.279999999999999583e-01
8.279999999999999583e-01
8.279999999999999583e-01
8.279999999999999583e-01
8.279999999999999583e-01
8.279999999999999583e-01
8.279999999999999583e-01
8.279999999999999583e-01
8.279999999999999583e-01
8.279999999999999583e-01
8.279999999999999583e-01
8.279999999999999583e-01
8.279999999999999583e-01
8.279999999999999583e-01
8.279999999999999583e-01
8.279999999999999583e-01
8.279999999999999583e-01
8.279999999999999583e-01
8.279999999999999583e-01
8.279999999999999583e-01
8.279999999999999583e-01
8.279999999999999583e-01
8.279999999999999583e-01
8.279999999999999583e-01
8.279999999999999583e-01
8.279999999999999583e-01
8.279999999999999583e-01
8.279999999999999583e-01
